<?xml version="1.0" encoding="utf-8"?>
<COLLADA xmlns="http://www.collada.org/2005/11/COLLADASchema" version="1.4.1">
  <asset>
    <contributor>
      <author>Mixamo</author>
      <authoring_tool>COLLADA Mixamo exporter</authoring_tool>
      <comments/>
    </contributor>
    <created>2023-02-20T20:05:20Z</created>
    <modified>2023-02-20T20:05:20Z</modified>
    <revision/>
    <title/>
    <unit meter="0.010000"/>
    <up_axis>Y_UP</up_axis>
  </asset>
  <library_animations>
    <animation id="mixamorig_Hips-anim" name="mixamorig_Hips">
      <source id="mixamorig_Hips-Matrix-animation-input">
        <float_array id="mixamorig_Hips-Matrix-animation-input-array" count="60">

0.000000 0.033333 0.066667 0.100000 0.133333 0.166667 0.200000 0.233333 0.266667 0.300000 0.333333 0.366667 0.400000 0.433333 0.466667 0.500000
0.533333 0.566667 0.600000 0.633333 0.666667 0.700000 0.733333 0.766667 0.800000 0.833333 0.866667 0.900000 0.933333 0.966667 1.000000 1.033333
1.066667 1.100000 1.133333 1.166667 1.200000 1.233333 1.266667 1.300000 1.333333 1.366667 1.400000 1.433333 1.466667 1.500000 1.533333 1.566667
1.600000 1.633333 1.666667 1.700000 1.733333 1.766667 1.800000 1.833333 1.866667 1.900000 1.933333 1.966667</float_array>
        <technique_common>
          <accessor source="#mixamorig_Hips-Matrix-animation-input-array" count="60">
            <param name="TIME" type="float"/>
          </accessor>
        </technique_common>
      </source>
      <source id="mixamorig_Hips-Matrix-animation-output-transform">
        <float_array id="mixamorig_Hips-Matrix-animation-output-transform-array" count="960">

0.730329 0.050674 -0.681213 0.453719 0.003177 0.996982 0.077569 64.826912 0.683088 -0.058815 0.727964 -1.020177 0.000000 0.000000 0.000000 1.000000
0.730029 0.050921 -0.681517 0.462345 0.003176 0.996957 0.077892 64.832932 0.683409 -0.059028 0.727645 -1.027305 0.000000 0.000000 0.000000 1.000000
0.729815 0.051133 -0.681730 0.471763 0.003176 0.996935 0.078176 64.839233 0.683637 -0.059219 0.727415 -1.031568 0.000000 0.000000 0.000000 1.000000
0.729814 0.051475 -0.681705 0.480898 0.003024 0.996908 0.078514 64.846222 0.683639 -0.059362 0.727402 -1.031023 0.000000 0.000000 0.000000 1.000000
0.730094 0.051843 -0.681377 0.487924 0.002824 0.996881 0.078874 64.853989 0.683341 -0.059509 0.727670 -1.023931 0.000000 0.000000 0.000000 1.000000
0.730594 0.052230 -0.680812 0.491809 0.002672 0.996844 0.079343 64.862228 0.682807 -0.059787 0.728148 -1.009952 0.000000 0.000000 0.000000 1.000000
0.731159 0.052630 -0.680174 0.492886 0.002638 0.996794 0.079966 64.871254 0.682202 -0.060262 0.728676 -0.990023 0.000000 0.000000 0.000000 1.000000
0.731627 0.053041 -0.679638 0.492348 0.002677 0.996737 0.080671 64.882637 0.681700 -0.060841 0.729098 -0.965271 0.000000 0.000000 0.000000 1.000000
0.731902 0.053346 -0.679318 0.491234 0.002757 0.996691 0.081239 64.898056 0.681404 -0.061332 0.729333 -0.936163 0.000000 0.000000 0.000000 1.000000
0.731964 0.053525 -0.679237 0.490943 0.002822 0.996663 0.081579 64.916794 0.681337 -0.061630 0.729371 -0.903032 0.000000 0.000000 0.000000 1.000000
0.731842 0.053654 -0.679359 0.493534 0.002870 0.996644 0.081804 64.935486 0.681469 -0.061817 0.729232 -0.867150 0.000000 0.000000 0.000000 1.000000
0.731621 0.053866 -0.679580 0.500715 0.002922 0.996616 0.082141 64.950096 0.681705 -0.062081 0.728988 -0.830878 0.000000 0.000000 0.000000 1.000000
0.731491 0.054194 -0.679694 0.511514 0.003021 0.996569 0.082710 64.958954 0.681845 -0.062555 0.728817 -0.796300 0.000000 0.000000 0.000000 1.000000
0.731673 0.054583 -0.679467 0.521933 0.003167 0.996506 0.083462 64.964432 0.681649 -0.063218 0.728944 -0.763875 0.000000 0.000000 0.000000 1.000000
0.732204 0.055038 -0.678858 0.527943 0.003246 0.996436 0.084286 64.971786 0.681078 -0.063918 0.729416 -0.732879 0.000000 0.000000 0.000000 1.000000
0.732801 0.055476 -0.678178 0.528974 0.003207 0.996378 0.084971 64.985359 0.680435 -0.064441 0.729969 -0.702937 0.000000 0.000000 0.000000 1.000000
0.733068 0.055843 -0.677859 0.528012 0.003041 0.996345 0.085369 65.005455 0.680149 -0.064643 0.730219 -0.674630 0.000000 0.000000 0.000000 1.000000
0.732844 0.056093 -0.678080 0.528201 0.002821 0.996337 0.085470 65.028412 0.680390 -0.064549 0.730002 -0.648507 0.000000 0.000000 0.000000 1.000000
0.732342 0.056268 -0.678608 0.530231 0.002618 0.996340 0.085438 65.049446 0.680932 -0.064347 0.729514 -0.624041 0.000000 0.000000 0.000000 1.000000
0.731924 0.056433 -0.679045 0.532663 0.002473 0.996338 0.085468 65.065514 0.681381 -0.064235 0.729104 -0.599524 0.000000 0.000000 0.000000 1.000000
0.731809 0.056540 -0.679161 0.533740 0.002435 0.996329 0.085568 65.076584 0.681506 -0.064273 0.728985 -0.573051 0.000000 0.000000 0.000000 1.000000
0.731965 0.056640 -0.678984 0.532795 0.002453 0.996313 0.085756 65.084984 0.681338 -0.064436 0.729127 -0.543667 0.000000 0.000000 0.000000 1.000000
0.732242 0.056715 -0.678679 0.530153 0.002506 0.996295 0.085961 65.093056 0.681040 -0.064645 0.729387 -0.511976 0.000000 0.000000 0.000000 1.000000
0.732496 0.056704 -0.678406 0.526543 0.002616 0.996283 0.086097 65.101791 0.680767 -0.064840 0.729625 -0.479974 0.000000 0.000000 0.000000 1.000000
0.732620 0.056638 -0.678277 0.522890 0.002740 0.996278 0.086151 65.110229 0.680632 -0.064974 0.729739 -0.450509 0.000000 0.000000 0.000000 1.000000
0.732571 0.056519 -0.678340 0.519805 0.002852 0.996283 0.086090 65.117004 0.680685 -0.065001 0.729687 -0.426556 0.000000 0.000000 0.000000 1.000000
0.732357 0.056406 -0.678581 0.517222 0.002892 0.996296 0.085936 65.121811 0.680915 -0.064898 0.729481 -0.410141 0.000000 0.000000 0.000000 1.000000
0.732096 0.056258 -0.678875 0.514328 0.002879 0.996319 0.085670 65.125404 0.681196 -0.064673 0.729239 -0.401436 0.000000 0.000000 0.000000 1.000000
0.731893 0.056109 -0.679106 0.510705 0.002811 0.996347 0.085350 65.127914 0.681414 -0.064376 0.729061 -0.399326 0.000000 0.000000 0.000000 1.000000
0.731762 0.056020 -0.679254 0.506965 0.002688 0.996371 0.085069 65.127457 0.681555 -0.064076 0.728956 -0.402837 0.000000 0.000000 0.000000 1.000000
0.731681 0.055928 -0.679349 0.504134 0.002607 0.996391 0.084837 65.121040 0.681643 -0.063845 0.728895 -0.411865 0.000000 0.000000 0.000000 1.000000
0.731682 0.055878 -0.679351 0.502661 0.002573 0.996401 0.084726 65.107536 0.681641 -0.063740 0.728905 -0.426380 0.000000 0.000000 0.000000 1.000000
0.731845 0.055904 -0.679175 0.501680 0.002543 0.996399 0.084755 65.089600 0.681467 -0.063755 0.729067 -0.445616 0.000000 0.000000 0.000000 1.000000
0.732153 0.055977 -0.678836 0.499598 0.002480 0.996392 0.084837 65.073051 0.681136 -0.063797 0.729372 -0.467971 0.000000 0.000000 0.000000 1.000000
0.732457 0.056064 -0.678501 0.495511 0.002360 0.996389 0.084878 65.063126 0.680809 -0.063771 0.729680 -0.491731 0.000000 0.000000 0.000000 1.000000
0.732549 0.055928 -0.678413 0.490106 0.002299 0.996410 0.084627 65.060745 0.680710 -0.063553 0.729791 -0.516051 0.000000 0.000000 0.000000 1.000000
0.732334 0.055626 -0.678670 0.485673 0.002293 0.996451 0.084146 65.061073 0.680942 -0.063179 0.729607 -0.541525 0.000000 0.000000 0.000000 1.000000
0.731942 0.055315 -0.679118 0.483887 0.002310 0.996492 0.083655 65.056694 0.681363 -0.062799 0.729247 -0.569000 0.000000 0.000000 0.000000 1.000000
0.731659 0.055098 -0.679441 0.483787 0.002345 0.996519 0.083336 65.043076 0.681667 -0.062567 0.728983 -0.597832 0.000000 0.000000 0.000000 1.000000
0.731678 0.054965 -0.679430 0.482778 0.002397 0.996530 0.083199 65.021873 0.681646 -0.062504 0.729008 -0.625700 0.000000 0.000000 0.000000 1.000000
0.731929 0.054852 -0.679169 0.479179 0.002459 0.996535 0.083134 64.999397 0.681376 -0.062518 0.729259 -0.650511 0.000000 0.000000 0.000000 1.000000
0.732137 0.054689 -0.678959 0.473198 0.002552 0.996545 0.083021 64.981895 0.681153 -0.062515 0.729467 -0.672192 0.000000 0.000000 0.000000 1.000000
0.732069 0.054422 -0.679054 0.466174 0.002675 0.996567 0.082752 64.971260 0.681226 -0.062396 0.729410 -0.692694 0.000000 0.000000 0.000000 1.000000
0.731702 0.054110 -0.679474 0.459463 0.002801 0.996597 0.082380 64.964661 0.681619 -0.062181 0.729060 -0.714949 0.000000 0.000000 0.000000 1.000000
0.731201 0.053811 -0.680036 0.453996 0.002915 0.996628 0.081997 64.957283 0.682156 -0.061938 0.728579 -0.741289 0.000000 0.000000 0.000000 1.000000
0.730782 0.053578 -0.680505 0.450125 0.002973 0.996656 0.081662 64.946022 0.682605 -0.061700 0.728178 -0.772332 0.000000 0.000000 0.000000 1.000000
0.730569 0.053384 -0.680749 0.447347 0.002977 0.996681 0.081355 64.931053 0.682832 -0.061462 0.727985 -0.806805 0.000000 0.000000 0.000000 1.000000
0.730574 0.053174 -0.680760 0.444709 0.002963 0.996707 0.081032 64.914978 0.682827 -0.061217 0.728011 -0.842323 0.000000 0.000000 0.000000 1.000000
0.730730 0.052935 -0.680611 0.441762 0.002952 0.996735 0.080692 64.900757 0.682660 -0.060973 0.728188 -0.876494 0.000000 0.000000 0.000000 1.000000
0.730939 0.052670 -0.680407 0.439278 0.002967 0.996763 0.080347 64.889687 0.682436 -0.060747 0.728417 -0.907417 0.000000 0.000000 0.000000 1.000000
0.731081 0.052342 -0.680280 0.438699 0.003049 0.996792 0.079972 64.880722 0.682284 -0.060540 0.728577 -0.933500 0.000000 0.000000 0.000000 1.000000
0.731055 0.051984 -0.680336 0.440753 0.003178 0.996823 0.079582 64.871880 0.682311 -0.060341 0.728567 -0.953656 0.000000 0.000000 0.000000 1.000000
0.730845 0.051761 -0.680578 0.444851 0.003229 0.996847 0.079282 64.862206 0.682536 -0.060141 0.728373 -0.967861 0.000000 0.000000 0.000000 1.000000
0.730529 0.051636 -0.680927 0.449223 0.003227 0.996865 0.079057 64.852417 0.682874 -0.059950 0.728072 -0.977570 0.000000 0.000000 0.000000 1.000000
0.730240 0.051527 -0.681245 0.452350 0.003225 0.996881 0.078857 64.843811 0.683184 -0.059782 0.727796 -0.985032 0.000000 0.000000 0.000000 1.000000
0.730081 0.051405 -0.681425 0.453625 0.003223 0.996897 0.078657 64.837242 0.683353 -0.059622 0.727649 -0.992153 0.000000 0.000000 0.000000 1.000000
0.730093 0.051233 -0.681425 0.453383 0.003222 0.996916 0.078405 64.832748 0.683340 -0.059439 0.727677 -0.999776 0.000000 0.000000 0.000000 1.000000
0.730216 0.050999 -0.681310 0.452712 0.003221 0.996942 0.078077 64.829895 0.683209 -0.059207 0.727819 -1.007936 0.000000 0.000000 0.000000 1.000000
0.730310 0.050742 -0.681229 0.453071 0.003219 0.996971 0.077712 64.827866 0.683108 -0.058946 0.727934 -1.016196 0.000000 0.000000 0.000000 1.000000
0.730310 0.050619 -0.681238 0.453663 0.003218 0.996985 0.077530 64.826958 0.683108 -0.058814 0.727945 -1.020199 0.000000 0.000000 0.000000 1.000000</float_array>
        <technique_common>
          <accessor source="#mixamorig_Hips-Matrix-animation-output-transform-array" count="60" stride="16">
            <param type="float4x4"/>
          </accessor>
        </technique_common>
      </source>
      <source id="mixamorig_Hips-Interpolations">
        <Name_array id="mixamorig_Hips-Interpolations-array" count="60">
 LINEAR LINEAR LINEAR LINEAR LINEAR LINEAR LINEAR LINEAR LINEAR LINEAR LINEAR
LINEAR LINEAR LINEAR LINEAR LINEAR LINEAR LINEAR LINEAR LINEAR LINEAR LINEAR LINEAR
LINEAR LINEAR LINEAR LINEAR LINEAR LINEAR LINEAR LINEAR LINEAR LINEAR LINEAR LINEAR
LINEAR LINEAR LINEAR LINEAR LINEAR LINEAR LINEAR LINEAR LINEAR LINEAR LINEAR LINEAR
LINEAR LINEAR LINEAR LINEAR LINEAR LINEAR LINEAR LINEAR LINEAR LINEAR LINEAR LINEAR
LINEAR</Name_array>
        <technique_common>
          <accessor source="#mixamorig_Hips-Interpolations-array" count="60">
            <param type="name"/>
          </accessor>
        </technique_common>
      </source>
      <sampler id="mixamorig_Hips-Matrix-animation-transform">
        <input semantic="INPUT" source="#mixamorig_Hips-Matrix-animation-input"/>
        <input semantic="OUTPUT" source="#mixamorig_Hips-Matrix-animation-output-transform"/>
        <input semantic="INTERPOLATION" source="#mixamorig_Hips-Interpolations"/>
      </sampler>
      <channel source="#mixamorig_Hips-Matrix-animation-transform" target="mixamorig_Hips/matrix"/>
    </animation>
    <animation id="mixamorig_Spine-anim" name="mixamorig_Spine">
      <source id="mixamorig_Spine-Matrix-animation-input">
        <float_array id="mixamorig_Spine-Matrix-animation-input-array" count="60">

0.000000 0.033333 0.066667 0.100000 0.133333 0.166667 0.200000 0.233333 0.266667 0.300000 0.333333 0.366667 0.400000 0.433333 0.466667 0.500000
0.533333 0.566667 0.600000 0.633333 0.666667 0.700000 0.733333 0.766667 0.800000 0.833333 0.866667 0.900000 0.933333 0.966667 1.000000 1.033333
1.066667 1.100000 1.133333 1.166667 1.200000 1.233333 1.266667 1.300000 1.333333 1.366667 1.400000 1.433333 1.466667 1.500000 1.533333 1.566667
1.600000 1.633333 1.666667 1.700000 1.733333 1.766667 1.800000 1.833333 1.866667 1.900000 1.933333 1.966667</float_array>
        <technique_common>
          <accessor source="#mixamorig_Spine-Matrix-animation-input-array" count="60">
            <param name="TIME" type="float"/>
          </accessor>
        </technique_common>
      </source>
      <source id="mixamorig_Spine-Matrix-animation-output-transform">
        <float_array id="mixamorig_Spine-Matrix-animation-output-transform-array" count="960">

0.996614 0.018992 0.080004 -0.000000 -0.014193 0.998089 -0.060134 3.962400 -0.080993 0.058795 0.994979 -0.274300 0.000000 0.000000 0.000000 1.000000
0.996614 0.018980 0.080008 0.000000 -0.014185 0.998093 -0.060082 3.962400 -0.080996 0.058744 0.994982 -0.274300 0.000000 0.000000 0.000000 1.000000
0.996614 0.018951 0.080013 0.000000 -0.014164 0.998099 -0.059974 3.962400 -0.080998 0.058637 0.994988 -0.274300 0.000000 0.000000 0.000000 1.000000
0.996618 0.018891 0.079971 0.000000 -0.014120 0.998110 -0.059806 3.962400 -0.080950 0.058474 0.995001 -0.274300 0.000000 0.000000 0.000000 1.000000
0.996629 0.018797 0.079858 0.000000 -0.014051 0.998125 -0.059576 3.962400 -0.080828 0.058253 0.995024 -0.274300 0.000000 0.000000 0.000000 1.000000
0.996652 0.018633 0.079606 0.000000 -0.013925 0.998144 -0.059292 3.962400 -0.080563 0.057985 0.995061 -0.274300 0.000000 0.000000 0.000000 1.000000
0.996676 0.018469 0.079348 0.000000 -0.013802 0.998164 -0.058970 3.962400 -0.080291 0.057679 0.995101 -0.274300 0.000000 0.000000 0.000000 1.000000
0.996690 0.018333 0.079204 0.000000 -0.013703 0.998187 -0.058601 3.962400 -0.080134 0.057322 0.995134 -0.274300 0.000000 0.000000 0.000000 1.000000
0.996694 0.018221 0.079181 0.000000 -0.013627 0.998213 -0.058175 3.962400 -0.080099 0.056904 0.995161 -0.274300 0.000000 0.000000 0.000000 1.000000
0.996690 0.018127 0.079249 -0.000000 -0.013569 0.998243 -0.057681 3.962400 -0.080155 0.056415 0.995185 -0.274300 0.000000 0.000000 0.000000 1.000000
0.996683 0.018041 0.079362 0.000000 -0.013518 0.998273 -0.057163 3.962400 -0.080256 0.055900 0.995206 -0.274300 0.000000 0.000000 0.000000 1.000000
0.996674 0.017947 0.079485 0.000000 -0.013457 0.998302 -0.056676 3.962400 -0.080368 0.055418 0.995224 -0.274300 0.000000 0.000000 0.000000 1.000000
0.996670 0.017831 0.079563 0.000000 -0.013371 0.998328 -0.056240 3.962400 -0.080433 0.054989 0.995242 -0.274300 0.000000 0.000000 0.000000 1.000000
0.996676 0.017682 0.079529 -0.000000 -0.013256 0.998352 -0.055834 3.962400 -0.080385 0.054594 0.995268 -0.274300 0.000000 0.000000 0.000000 1.000000
0.996691 0.017503 0.079374 0.000000 -0.013119 0.998377 -0.055417 3.962400 -0.080215 0.054192 0.995303 -0.274300 0.000000 0.000000 0.000000 1.000000
0.996706 0.017322 0.079222 0.000000 -0.012983 0.998404 -0.054960 3.962400 -0.080048 0.053751 0.995341 -0.274300 0.000000 0.000000 0.000000 1.000000
0.996712 0.017158 0.079186 0.000000 -0.012860 0.998432 -0.054473 3.962400 -0.079997 0.053276 0.995370 -0.274300 0.000000 0.000000 0.000000 1.000000
0.996707 0.017035 0.079273 0.000000 -0.012771 0.998460 -0.053987 3.962400 -0.080070 0.052797 0.995390 -0.274300 0.000000 0.000000 0.000000 1.000000
0.996699 0.016942 0.079399 -0.000000 -0.012707 0.998485 -0.053534 3.962400 -0.080185 0.052348 0.995404 -0.274300 0.000000 0.000000 0.000000 1.000000
0.996694 0.016851 0.079478 0.000000 -0.012644 0.998507 -0.053141 3.962400 -0.080255 0.051961 0.995419 -0.274300 0.000000 0.000000 0.000000 1.000000
0.996696 0.016756 0.079476 0.000000 -0.012578 0.998527 -0.052787 3.962400 -0.080243 0.051613 0.995438 -0.274300 0.000000 0.000000 0.000000 1.000000
0.996702 0.016672 0.079421 0.000000 -0.012523 0.998545 -0.052451 3.962400 -0.080180 0.051284 0.995460 -0.274300 0.000000 0.000000 0.000000 1.000000
0.996707 0.016604 0.079372 -0.000000 -0.012485 0.998563 -0.052123 3.962400 -0.080123 0.050960 0.995481 -0.274300 0.000000 0.000000 0.000000 1.000000
0.996708 0.016554 0.079361 0.000000 -0.012460 0.998579 -0.051819 3.962400 -0.080106 0.050659 0.995498 -0.274300 0.000000 0.000000 0.000000 1.000000
0.996708 0.016521 0.079378 0.000000 -0.012445 0.998592 -0.051568 3.962400 -0.080119 0.050411 0.995510 -0.274300 0.000000 0.000000 0.000000 1.000000
0.996705 0.016511 0.079418 0.000000 -0.012447 0.998601 -0.051400 3.962400 -0.080156 0.050242 0.995515 -0.274300 0.000000 0.000000 0.000000 1.000000
0.996701 0.016536 0.079465 0.000000 -0.012473 0.998603 -0.051349 3.962400 -0.080203 0.050188 0.995514 -0.274300 0.000000 0.000000 0.000000 1.000000
0.996696 0.016600 0.079505 0.000000 -0.012529 0.998598 -0.051438 3.962400 -0.080247 0.050272 0.995506 -0.274300 0.000000 0.000000 0.000000 1.000000
0.996692 0.016689 0.079541 0.000000 -0.012600 0.998586 -0.051643 3.962400 -0.080290 0.050470 0.995493 -0.274300 0.000000 0.000000 0.000000 1.000000
0.996687 0.016788 0.079577 0.000000 -0.012676 0.998572 -0.051900 3.962400 -0.080335 0.050719 0.995477 -0.274300 0.000000 0.000000 0.000000 1.000000
0.996683 0.016880 0.079609 -0.000000 -0.012744 0.998556 -0.052181 3.962400 -0.080375 0.050993 0.995459 -0.274300 0.000000 0.000000 0.000000 1.000000
0.996682 0.016960 0.079607 -0.000000 -0.012797 0.998538 -0.052519 3.962400 -0.080382 0.051326 0.995442 -0.274300 0.000000 0.000000 0.000000 1.000000
0.996685 0.017029 0.079561 0.000000 -0.012834 0.998515 -0.052938 3.962400 -0.080344 0.051741 0.995423 -0.274300 0.000000 0.000000 0.000000 1.000000
0.996689 0.017092 0.079494 0.000000 -0.012866 0.998492 -0.053374 3.962400 -0.080286 0.052174 0.995405 -0.274300 0.000000 0.000000 0.000000 1.000000
0.996691 0.017163 0.079452 -0.000000 -0.012907 0.998470 -0.053769 3.962400 -0.080254 0.052566 0.995387 -0.274300 0.000000 0.000000 0.000000 1.000000
0.996688 0.017252 0.079473 -0.000000 -0.012968 0.998451 -0.054108 3.962400 -0.080283 0.052898 0.995367 -0.274300 0.000000 0.000000 0.000000 1.000000
0.996681 0.017357 0.079541 -0.000000 -0.013044 0.998433 -0.054426 3.962400 -0.080361 0.053208 0.995345 -0.274300 0.000000 0.000000 0.000000 1.000000
0.996674 0.017464 0.079600 0.000000 -0.013121 0.998413 -0.054758 3.962400 -0.080430 0.053531 0.995322 -0.274300 0.000000 0.000000 0.000000 1.000000
0.996672 0.017546 0.079606 0.000000 -0.013173 0.998392 -0.055137 3.962400 -0.080445 0.053905 0.995300 -0.274300 0.000000 0.000000 0.000000 1.000000
0.996675 0.017587 0.079561 -0.000000 -0.013184 0.998370 -0.055535 3.962400 -0.080408 0.054302 0.995282 -0.274300 0.000000 0.000000 0.000000 1.000000
0.996679 0.017641 0.079500 0.000000 -0.013212 0.998349 -0.055899 3.962400 -0.080354 0.054663 0.995266 -0.274300 0.000000 0.000000 0.000000 1.000000
0.996679 0.017721 0.079476 -0.000000 -0.013269 0.998331 -0.056201 3.962400 -0.080339 0.054960 0.995251 -0.274300 0.000000 0.000000 0.000000 1.000000
0.996674 0.017824 0.079516 0.000000 -0.013349 0.998316 -0.056462 3.962400 -0.080388 0.055213 0.995233 -0.274300 0.000000 0.000000 0.000000 1.000000
0.996665 0.017942 0.079606 0.000000 -0.013441 0.998299 -0.056724 3.962400 -0.080488 0.055464 0.995211 -0.274300 0.000000 0.000000 0.000000 1.000000
0.996653 0.018072 0.079722 0.000000 -0.013540 0.998281 -0.057016 3.962400 -0.080616 0.055746 0.995185 -0.274300 0.000000 0.000000 0.000000 1.000000
0.996642 0.018193 0.079833 0.000000 -0.013630 0.998262 -0.057331 3.962400 -0.080737 0.056050 0.995158 -0.274300 0.000000 0.000000 0.000000 1.000000
0.996635 0.018297 0.079903 0.000000 -0.013704 0.998242 -0.057657 3.962400 -0.080818 0.056368 0.995134 -0.274300 0.000000 0.000000 0.000000 1.000000
0.996631 0.018389 0.079931 0.000000 -0.013769 0.998223 -0.057979 3.962400 -0.080855 0.056684 0.995113 -0.274300 0.000000 0.000000 0.000000 1.000000
0.996629 0.018470 0.079933 0.000000 -0.013824 0.998204 -0.058291 3.962400 -0.080867 0.056989 0.995094 -0.274300 0.000000 0.000000 0.000000 1.000000
0.996628 0.018541 0.079928 -0.000000 -0.013872 0.998186 -0.058584 3.962400 -0.080870 0.057278 0.995078 -0.274300 0.000000 0.000000 0.000000 1.000000
0.996627 0.018603 0.079924 -0.000000 -0.013912 0.998169 -0.058857 3.962400 -0.080872 0.057547 0.995062 -0.274300 0.000000 0.000000 0.000000 1.000000
0.996626 0.018659 0.079933 0.000000 -0.013947 0.998154 -0.059108 3.962400 -0.080888 0.057794 0.995046 -0.274300 0.000000 0.000000 0.000000 1.000000
0.996622 0.018699 0.079970 -0.000000 -0.013967 0.998141 -0.059329 3.962400 -0.080931 0.058011 0.995030 -0.274300 0.000000 0.000000 0.000000 1.000000
0.996618 0.018721 0.080018 -0.000000 -0.013971 0.998129 -0.059518 3.962400 -0.080983 0.058198 0.995015 -0.274300 0.000000 0.000000 0.000000 1.000000
0.996614 0.018742 0.080053 -0.000000 -0.013976 0.998119 -0.059685 3.962400 -0.081021 0.058364 0.995002 -0.274300 0.000000 0.000000 0.000000 1.000000
0.996613 0.018783 0.080057 0.000000 -0.014004 0.998110 -0.059837 3.962400 -0.081029 0.058513 0.994993 -0.274300 0.000000 0.000000 0.000000 1.000000
0.996613 0.018826 0.080047 -0.000000 -0.014038 0.998102 -0.059963 3.962400 -0.081024 0.058637 0.994986 -0.274300 0.000000 0.000000 0.000000 1.000000
0.996613 0.018862 0.080038 0.000000 -0.014067 0.998095 -0.060064 3.962400 -0.081019 0.058734 0.994981 -0.274300 0.000000 0.000000 0.000000 1.000000
0.996613 0.018883 0.080034 -0.000000 -0.014080 0.998090 -0.060155 3.962400 -0.081017 0.058825 0.994975 -0.274300 0.000000 0.000000 0.000000 1.000000
0.996613 0.018891 0.080033 0.000000 -0.014086 0.998087 -0.060193 3.962400 -0.081017 0.058862 0.994973 -0.274300 0.000000 0.000000 0.000000 1.000000</float_array>
        <technique_common>
          <accessor source="#mixamorig_Spine-Matrix-animation-output-transform-array" count="60" stride="16">
            <param type="float4x4"/>
          </accessor>
        </technique_common>
      </source>
      <source id="mixamorig_Spine-Interpolations">
        <Name_array id="mixamorig_Spine-Interpolations-array" count="60">
 LINEAR LINEAR LINEAR LINEAR LINEAR LINEAR LINEAR LINEAR LINEAR LINEAR LINEAR
LINEAR LINEAR LINEAR LINEAR LINEAR LINEAR LINEAR LINEAR LINEAR LINEAR LINEAR LINEAR
LINEAR LINEAR LINEAR LINEAR LINEAR LINEAR LINEAR LINEAR LINEAR LINEAR LINEAR LINEAR
LINEAR LINEAR LINEAR LINEAR LINEAR LINEAR LINEAR LINEAR LINEAR LINEAR LINEAR LINEAR
LINEAR LINEAR LINEAR LINEAR LINEAR LINEAR LINEAR LINEAR LINEAR LINEAR LINEAR LINEAR
LINEAR</Name_array>
        <technique_common>
          <accessor source="#mixamorig_Spine-Interpolations-array" count="60">
            <param type="name"/>
          </accessor>
        </technique_common>
      </source>
      <sampler id="mixamorig_Spine-Matrix-animation-transform">
        <input semantic="INPUT" source="#mixamorig_Spine-Matrix-animation-input"/>
        <input semantic="OUTPUT" source="#mixamorig_Spine-Matrix-animation-output-transform"/>
        <input semantic="INTERPOLATION" source="#mixamorig_Spine-Interpolations"/>
      </sampler>
      <channel source="#mixamorig_Spine-Matrix-animation-transform" target="mixamorig_Spine/matrix"/>
    </animation>
    <animation id="mixamorig_Spine1-anim" name="mixamorig_Spine1">
      <source id="mixamorig_Spine1-Matrix-animation-input">
        <float_array id="mixamorig_Spine1-Matrix-animation-input-array" count="60">

0.000000 0.033333 0.066667 0.100000 0.133333 0.166667 0.200000 0.233333 0.266667 0.300000 0.333333 0.366667 0.400000 0.433333 0.466667 0.500000
0.533333 0.566667 0.600000 0.633333 0.666667 0.700000 0.733333 0.766667 0.800000 0.833333 0.866667 0.900000 0.933333 0.966667 1.000000 1.033333
1.066667 1.100000 1.133333 1.166667 1.200000 1.233333 1.266667 1.300000 1.333333 1.366667 1.400000 1.433333 1.466667 1.500000 1.533333 1.566667
1.600000 1.633333 1.666667 1.700000 1.733333 1.766667 1.800000 1.833333 1.866667 1.900000 1.933333 1.966667</float_array>
        <technique_common>
          <accessor source="#mixamorig_Spine1-Matrix-animation-input-array" count="60">
            <param name="TIME" type="float"/>
          </accessor>
        </technique_common>
      </source>
      <source id="mixamorig_Spine1-Matrix-animation-output-transform">
        <float_array id="mixamorig_Spine1-Matrix-animation-output-transform-array" count="960">

0.986184 0.046556 0.158976 0.000000 -0.013663 0.979284 -0.202029 14.123300 -0.165089 0.197066 0.966391 0.264400 0.000000 0.000000 0.000000 1.000000
0.986184 0.046527 0.158984 0.000000 -0.013650 0.979305 -0.201927 14.123300 -0.165088 0.196967 0.966411 0.264400 0.000000 0.000000 0.000000 1.000000
0.986185 0.046458 0.158999 0.000000 -0.013615 0.979350 -0.201712 14.123300 -0.165086 0.196761 0.966453 0.264400 0.000000 0.000000 0.000000 1.000000
0.986204 0.046319 0.158923 0.000000 -0.013549 0.979420 -0.201380 14.123300 -0.164980 0.196448 0.966535 0.264400 0.000000 0.000000 0.000000 1.000000
0.986247 0.046103 0.158716 0.000000 -0.013453 0.979514 -0.200925 14.123300 -0.164727 0.196027 0.966664 0.264400 0.000000 0.000000 0.000000 1.000000
0.986341 0.045730 0.158244 0.000000 -0.013274 0.979632 -0.200360 14.123300 -0.164183 0.195523 0.966858 0.264400 0.000000 0.000000 0.000000 1.000000
0.986435 0.045352 0.157760 0.000000 -0.013104 0.979765 -0.199722 14.123300 -0.163626 0.194945 0.967069 0.264400 0.000000 0.000000 0.000000 1.000000
0.986492 0.045033 0.157499 0.000000 -0.012963 0.979916 -0.198991 14.123300 -0.163297 0.194261 0.967263 0.264400 0.000000 0.000000 0.000000 1.000000
0.986508 0.044766 0.157475 0.000000 -0.012845 0.980088 -0.198149 14.123300 -0.163210 0.193453 0.967439 0.264400 0.000000 0.000000 0.000000 1.000000
0.986494 0.044536 0.157627 0.000000 -0.012750 0.980286 -0.197174 14.123300 -0.163301 0.192501 0.967614 0.264400 0.000000 0.000000 0.000000 1.000000
0.986465 0.044317 0.157869 0.000000 -0.012658 0.980492 -0.196150 14.123300 -0.163482 0.191497 0.967782 0.264400 0.000000 0.000000 0.000000 1.000000
0.986433 0.044088 0.158132 -0.000000 -0.012541 0.980686 -0.195188 14.123300 -0.163683 0.190557 0.967934 0.264400 0.000000 0.000000 0.000000 1.000000
0.986418 0.043814 0.158305 0.000000 -0.012381 0.980859 -0.194325 14.123300 -0.163789 0.189725 0.968079 0.264400 0.000000 0.000000 0.000000 1.000000
0.986440 0.043470 0.158263 0.000000 -0.012184 0.981021 -0.193517 14.123300 -0.163672 0.188964 0.968248 0.264400 0.000000 0.000000 0.000000 1.000000
0.986502 0.043059 0.157987 0.000000 -0.011969 0.981187 -0.192688 14.123300 -0.163311 0.188196 0.968458 0.264400 0.000000 0.000000 0.000000 1.000000
0.986563 0.042642 0.157716 0.000000 -0.011758 0.981367 -0.191782 14.123300 -0.162955 0.187350 0.968682 0.264400 0.000000 0.000000 0.000000 1.000000
0.986587 0.042268 0.157669 0.000000 -0.011557 0.981558 -0.190815 14.123300 -0.162826 0.186434 0.968881 0.264400 0.000000 0.000000 0.000000 1.000000
0.986569 0.041984 0.157857 0.000000 -0.011401 0.981746 -0.189853 14.123300 -0.162946 0.185503 0.969039 0.264400 0.000000 0.000000 0.000000 1.000000
0.986537 0.041763 0.158118 0.000000 -0.011283 0.981921 -0.188955 14.123300 -0.163151 0.184627 0.969172 0.264400 0.000000 0.000000 0.000000 1.000000
0.986519 0.041549 0.158287 0.000000 -0.011169 0.982071 -0.188178 14.123300 -0.163268 0.183873 0.969296 0.264400 0.000000 0.000000 0.000000 1.000000
0.986527 0.041323 0.158297 0.000000 -0.011060 0.982207 -0.187475 14.123300 -0.163227 0.183199 0.969430 0.264400 0.000000 0.000000 0.000000 1.000000
0.986550 0.041116 0.158205 0.000000 -0.010983 0.982334 -0.186811 14.123300 -0.163091 0.182561 0.969574 0.264400 0.000000 0.000000 0.000000 1.000000
0.986570 0.040943 0.158122 0.000000 -0.010935 0.982458 -0.186162 14.123300 -0.162970 0.181933 0.969712 0.264400 0.000000 0.000000 0.000000 1.000000
0.986578 0.040810 0.158111 -0.000000 -0.010906 0.982572 -0.185562 14.123300 -0.162928 0.181347 0.969829 0.264400 0.000000 0.000000 0.000000 1.000000
0.986575 0.040716 0.158152 0.000000 -0.010887 0.982665 -0.185068 14.123300 -0.162946 0.180861 0.969916 0.264400 0.000000 0.000000 0.000000 1.000000
0.986563 0.040679 0.158235 -0.000000 -0.010891 0.982728 -0.184736 14.123300 -0.163017 0.180530 0.969966 0.264400 0.000000 0.000000 0.000000 1.000000
0.986547 0.040724 0.158322 0.000000 -0.010936 0.982746 -0.184637 14.123300 -0.163110 0.180422 0.969971 0.264400 0.000000 0.000000 0.000000 1.000000
0.986530 0.040862 0.158392 0.000000 -0.011030 0.982711 -0.184817 14.123300 -0.163206 0.180581 0.969925 0.264400 0.000000 0.000000 0.000000 1.000000
0.986514 0.041058 0.158446 0.000000 -0.011147 0.982633 -0.185225 14.123300 -0.163300 0.180961 0.969838 0.264400 0.000000 0.000000 0.000000 1.000000
0.986495 0.041281 0.158502 -0.000000 -0.011273 0.982535 -0.185735 14.123300 -0.163401 0.181440 0.969732 0.264400 0.000000 0.000000 0.000000 1.000000
0.986478 0.041494 0.158551 -0.000000 -0.011382 0.982428 -0.186292 14.123300 -0.163495 0.181969 0.969617 0.264400 0.000000 0.000000 0.000000 1.000000
0.986473 0.041687 0.158536 0.000000 -0.011464 0.982300 -0.186962 14.123300 -0.163524 0.182616 0.969490 0.264400 0.000000 0.000000 0.000000 1.000000
0.986482 0.041860 0.158433 0.000000 -0.011516 0.982142 -0.187789 14.123300 -0.163464 0.183426 0.969347 0.264400 0.000000 0.000000 0.000000 1.000000
0.986498 0.042025 0.158288 0.000000 -0.011563 0.981977 -0.188649 14.123300 -0.163363 0.184271 0.969204 0.264400 0.000000 0.000000 0.000000 1.000000
0.986506 0.042204 0.158193 0.000000 -0.011628 0.981825 -0.189430 14.123300 -0.163313 0.185034 0.969067 0.264400 0.000000 0.000000 0.000000 1.000000
0.986493 0.042419 0.158217 -0.000000 -0.011724 0.981694 -0.190101 14.123300 -0.163385 0.185679 0.968932 0.264400 0.000000 0.000000 0.000000 1.000000
0.986464 0.042666 0.158332 -0.000000 -0.011841 0.981571 -0.190732 14.123300 -0.163552 0.186275 0.968789 0.264400 0.000000 0.000000 0.000000 1.000000
0.986437 0.042918 0.158430 0.000000 -0.011961 0.981441 -0.191390 14.123300 -0.163704 0.186899 0.968643 0.264400 0.000000 0.000000 0.000000 1.000000
0.986429 0.043118 0.158427 0.000000 -0.012034 0.981294 -0.192139 14.123300 -0.163748 0.187624 0.968496 0.264400 0.000000 0.000000 0.000000 1.000000
0.986439 0.043235 0.158329 0.000000 -0.012038 0.981140 -0.192922 14.123300 -0.163684 0.188400 0.968356 0.264400 0.000000 0.000000 0.000000 1.000000
0.986454 0.043375 0.158200 0.000000 -0.012081 0.980998 -0.193640 14.123300 -0.163593 0.189105 0.968234 0.264400 0.000000 0.000000 0.000000 1.000000
0.986455 0.043564 0.158143 0.000000 -0.012179 0.980879 -0.194238 14.123300 -0.163581 0.189681 0.968123 0.264400 0.000000 0.000000 0.000000 1.000000
0.986434 0.043800 0.158208 0.000000 -0.012313 0.980774 -0.194756 14.123300 -0.163696 0.190166 0.968008 0.264400 0.000000 0.000000 0.000000 1.000000
0.986397 0.044069 0.158366 0.000000 -0.012462 0.980669 -0.195277 14.123300 -0.163910 0.190647 0.967878 0.264400 0.000000 0.000000 0.000000 1.000000
0.986350 0.044366 0.158575 0.000000 -0.012617 0.980551 -0.195858 14.123300 -0.164180 0.191184 0.967726 0.264400 0.000000 0.000000 0.000000 1.000000
0.986305 0.044649 0.158775 -0.000000 -0.012753 0.980425 -0.196482 14.123300 -0.164440 0.191766 0.967567 0.264400 0.000000 0.000000 0.000000 1.000000
0.986274 0.044897 0.158896 0.000000 -0.012866 0.980293 -0.197129 14.123300 -0.164615 0.192379 0.967415 0.264400 0.000000 0.000000 0.000000 1.000000
0.986257 0.045119 0.158938 0.000000 -0.012969 0.980163 -0.197766 14.123300 -0.164708 0.192987 0.967278 0.264400 0.000000 0.000000 0.000000 1.000000
0.986249 0.045315 0.158930 0.000000 -0.013061 0.980038 -0.198382 14.123300 -0.164747 0.193578 0.967153 0.264400 0.000000 0.000000 0.000000 1.000000
0.986245 0.045490 0.158907 0.000000 -0.013141 0.979919 -0.198962 14.123300 -0.164766 0.194137 0.967038 0.264400 0.000000 0.000000 0.000000 1.000000
0.986241 0.045645 0.158887 0.000000 -0.013207 0.979808 -0.199502 14.123300 -0.164785 0.194659 0.966930 0.264400 0.000000 0.000000 0.000000 1.000000
0.986234 0.045781 0.158892 0.000000 -0.013257 0.979707 -0.199997 14.123300 -0.164824 0.195137 0.966827 0.264400 0.000000 0.000000 0.000000 1.000000
0.986218 0.045885 0.158959 0.000000 -0.013272 0.979618 -0.200431 14.123300 -0.164915 0.195559 0.966726 0.264400 0.000000 0.000000 0.000000 1.000000
0.986201 0.045951 0.159047 -0.000000 -0.013257 0.979542 -0.200802 14.123300 -0.165020 0.195922 0.966635 0.264400 0.000000 0.000000 0.000000 1.000000
0.986188 0.046011 0.159108 -0.000000 -0.013249 0.979475 -0.201129 14.123300 -0.165097 0.196244 0.966556 0.264400 0.000000 0.000000 0.000000 1.000000
0.986184 0.046107 0.159110 0.000000 -0.013292 0.979413 -0.201429 14.123300 -0.165122 0.196532 0.966494 0.264400 0.000000 0.000000 0.000000 1.000000
0.986183 0.046205 0.159084 0.000000 -0.013352 0.979360 -0.201681 14.123300 -0.165119 0.196770 0.966446 0.264400 0.000000 0.000000 0.000000 1.000000
0.986183 0.046289 0.159060 0.000000 -0.013406 0.979319 -0.201880 14.123300 -0.165115 0.196958 0.966408 0.264400 0.000000 0.000000 0.000000 1.000000
0.986183 0.046341 0.159048 -0.000000 -0.013429 0.979281 -0.202061 14.123300 -0.165117 0.197133 0.966372 0.264400 0.000000 0.000000 0.000000 1.000000
0.986182 0.046363 0.159043 0.000000 -0.013439 0.979265 -0.202136 14.123300 -0.165117 0.197206 0.966357 0.264400 0.000000 0.000000 0.000000 1.000000</float_array>
        <technique_common>
          <accessor source="#mixamorig_Spine1-Matrix-animation-output-transform-array" count="60" stride="16">
            <param type="float4x4"/>
          </accessor>
        </technique_common>
      </source>
      <source id="mixamorig_Spine1-Interpolations">
        <Name_array id="mixamorig_Spine1-Interpolations-array" count="60">
 LINEAR LINEAR LINEAR LINEAR LINEAR LINEAR LINEAR LINEAR LINEAR LINEAR LINEAR
LINEAR LINEAR LINEAR LINEAR LINEAR LINEAR LINEAR LINEAR LINEAR LINEAR LINEAR LINEAR
LINEAR LINEAR LINEAR LINEAR LINEAR LINEAR LINEAR LINEAR LINEAR LINEAR LINEAR LINEAR
LINEAR LINEAR LINEAR LINEAR LINEAR LINEAR LINEAR LINEAR LINEAR LINEAR LINEAR LINEAR
LINEAR LINEAR LINEAR LINEAR LINEAR LINEAR LINEAR LINEAR LINEAR LINEAR LINEAR LINEAR
LINEAR</Name_array>
        <technique_common>
          <accessor source="#mixamorig_Spine1-Interpolations-array" count="60">
            <param type="name"/>
          </accessor>
        </technique_common>
      </source>
      <sampler id="mixamorig_Spine1-Matrix-animation-transform">
        <input semantic="INPUT" source="#mixamorig_Spine1-Matrix-animation-input"/>
        <input semantic="OUTPUT" source="#mixamorig_Spine1-Matrix-animation-output-transform"/>
        <input semantic="INTERPOLATION" source="#mixamorig_Spine1-Interpolations"/>
      </sampler>
      <channel source="#mixamorig_Spine1-Matrix-animation-transform" target="mixamorig_Spine1/matrix"/>
    </animation>
    <animation id="mixamorig_Spine2-anim" name="mixamorig_Spine2">
      <source id="mixamorig_Spine2-Matrix-animation-input">
        <float_array id="mixamorig_Spine2-Matrix-animation-input-array" count="60">

0.000000 0.033333 0.066667 0.100000 0.133333 0.166667 0.200000 0.233333 0.266667 0.300000 0.333333 0.366667 0.400000 0.433333 0.466667 0.500000
0.533333 0.566667 0.600000 0.633333 0.666667 0.700000 0.733333 0.766667 0.800000 0.833333 0.866667 0.900000 0.933333 0.966667 1.000000 1.033333
1.066667 1.100000 1.133333 1.166667 1.200000 1.233333 1.266667 1.300000 1.333333 1.366667 1.400000 1.433333 1.466667 1.500000 1.533333 1.566667
1.600000 1.633333 1.666667 1.700000 1.733333 1.766667 1.800000 1.833333 1.866667 1.900000 1.933333 1.966667</float_array>
        <technique_common>
          <accessor source="#mixamorig_Spine2-Matrix-animation-input-array" count="60">
            <param name="TIME" type="float"/>
          </accessor>
        </technique_common>
      </source>
      <source id="mixamorig_Spine2-Matrix-animation-output-transform">
        <float_array id="mixamorig_Spine2-Matrix-animation-output-transform-array" count="960">

0.986184 0.046556 0.158976 0.000000 -0.013663 0.979284 -0.202029 11.404500 -0.165089 0.197066 0.966391 0.106100 0.000000 0.000000 0.000000 1.000000
0.986184 0.046527 0.158983 0.000000 -0.013650 0.979305 -0.201927 11.404500 -0.165088 0.196967 0.966411 0.106100 0.000000 0.000000 0.000000 1.000000
0.986185 0.046458 0.158999 0.000000 -0.013615 0.979350 -0.201712 11.404500 -0.165086 0.196761 0.966453 0.106100 0.000000 0.000000 0.000000 1.000000
0.986204 0.046319 0.158922 0.000000 -0.013549 0.979420 -0.201380 11.404500 -0.164979 0.196448 0.966535 0.106100 0.000000 0.000000 0.000000 1.000000
0.986247 0.046103 0.158716 -0.000000 -0.013453 0.979514 -0.200925 11.404500 -0.164727 0.196027 0.966664 0.106100 0.000000 0.000000 0.000000 1.000000
0.986341 0.045730 0.158244 0.000000 -0.013274 0.979632 -0.200360 11.404500 -0.164183 0.195523 0.966858 0.106100 0.000000 0.000000 0.000000 1.000000
0.986435 0.045352 0.157760 0.000000 -0.013104 0.979765 -0.199722 11.404500 -0.163626 0.194945 0.967069 0.106100 0.000000 0.000000 0.000000 1.000000
0.986492 0.045033 0.157499 0.000000 -0.012963 0.979916 -0.198991 11.404500 -0.163297 0.194261 0.967263 0.106100 0.000000 0.000000 0.000000 1.000000
0.986508 0.044766 0.157475 0.000000 -0.012845 0.980088 -0.198149 11.404500 -0.163210 0.193453 0.967439 0.106100 0.000000 0.000000 0.000000 1.000000
0.986494 0.044536 0.157628 0.000000 -0.012750 0.980286 -0.197174 11.404500 -0.163301 0.192501 0.967614 0.106100 0.000000 0.000000 0.000000 1.000000
0.986465 0.044317 0.157869 0.000000 -0.012658 0.980492 -0.196150 11.404500 -0.163482 0.191497 0.967782 0.106100 0.000000 0.000000 0.000000 1.000000
0.986433 0.044088 0.158132 -0.000000 -0.012541 0.980686 -0.195188 11.404500 -0.163683 0.190557 0.967934 0.106100 0.000000 0.000000 0.000000 1.000000
0.986418 0.043814 0.158305 0.000000 -0.012381 0.980859 -0.194324 11.404500 -0.163789 0.189725 0.968079 0.106100 0.000000 0.000000 0.000000 1.000000
0.986440 0.043471 0.158263 0.000000 -0.012184 0.981021 -0.193517 11.404500 -0.163672 0.188964 0.968248 0.106100 0.000000 0.000000 0.000000 1.000000
0.986502 0.043059 0.157986 0.000000 -0.011969 0.981187 -0.192688 11.404500 -0.163311 0.188196 0.968458 0.106100 0.000000 0.000000 0.000000 1.000000
0.986563 0.042642 0.157716 0.000000 -0.011758 0.981367 -0.191782 11.404500 -0.162955 0.187350 0.968682 0.106100 0.000000 0.000000 0.000000 1.000000
0.986587 0.042268 0.157669 0.000000 -0.011557 0.981558 -0.190815 11.404500 -0.162826 0.186434 0.968881 0.106100 0.000000 0.000000 0.000000 1.000000
0.986569 0.041984 0.157857 -0.000000 -0.011401 0.981746 -0.189853 11.404500 -0.162946 0.185503 0.969039 0.106100 0.000000 0.000000 0.000000 1.000000
0.986537 0.041763 0.158118 0.000000 -0.011283 0.981921 -0.188955 11.404500 -0.163151 0.184627 0.969172 0.106100 0.000000 0.000000 0.000000 1.000000
0.986518 0.041549 0.158287 0.000000 -0.011169 0.982071 -0.188178 11.404500 -0.163268 0.183873 0.969296 0.106100 0.000000 0.000000 0.000000 1.000000
0.986526 0.041323 0.158297 0.000000 -0.011060 0.982207 -0.187475 11.404500 -0.163227 0.183198 0.969430 0.106100 0.000000 0.000000 0.000000 1.000000
0.986550 0.041115 0.158205 0.000000 -0.010982 0.982334 -0.186811 11.404500 -0.163091 0.182561 0.969574 0.106100 0.000000 0.000000 0.000000 1.000000
0.986570 0.040943 0.158122 0.000000 -0.010935 0.982458 -0.186162 11.404500 -0.162970 0.181933 0.969712 0.106100 0.000000 0.000000 0.000000 1.000000
0.986578 0.040810 0.158111 -0.000000 -0.010906 0.982572 -0.185562 11.404500 -0.162928 0.181347 0.969829 0.106100 0.000000 0.000000 0.000000 1.000000
0.986575 0.040716 0.158153 0.000000 -0.010887 0.982665 -0.185068 11.404500 -0.162946 0.180861 0.969916 0.106100 0.000000 0.000000 0.000000 1.000000
