<?xml version="1.0" encoding="utf-8"?>
<COLLADA xmlns="http://www.collada.org/2005/11/COLLADASchema" version="1.4.1">
  <asset>
    <contributor>
      <author>Mixamo</author>
      <authoring_tool>COLLADA Mixamo exporter</authoring_tool>
      <comments/>
    </contributor>
    <created>2023-02-20T22:53:38Z</created>
    <modified>2023-02-20T22:53:38Z</modified>
    <revision/>
    <title/>
    <unit meter="0.010000"/>
    <up_axis>Y_UP</up_axis>
  </asset>
  <library_animations>
    <animation id="mixamorig_Hips-anim" name="mixamorig_Hips">
      <source id="mixamorig_Hips-Matrix-animation-input">
        <float_array id="mixamorig_Hips-Matrix-animation-input-array" count="29">

0.000000 0.033333 0.066667 0.100000 0.133333 0.166667 0.200000 0.233333 0.266667 0.300000 0.333333 0.366667 0.400000 0.433333 0.466667 0.500000
0.533333 0.566667 0.600000 0.633333 0.666667 0.700000 0.733333 0.766667 0.800000 0.833333 0.866667 0.900000 0.933333</float_array>
        <technique_common>
          <accessor source="#mixamorig_Hips-Matrix-animation-input-array" count="29">
            <param name="TIME" type="float"/>
          </accessor>
        </technique_common>
      </source>
      <source id="mixamorig_Hips-Matrix-animation-output-transform">
        <float_array id="mixamorig_Hips-Matrix-animation-output-transform-array" count="464">

0.999119 -0.017579 0.038105 -0.063892 0.017660 0.999842 -0.001770 62.951820 -0.038068 0.002441 0.999272 -0.190147 0.000000 0.000000 0.000000 1.000000
0.999147 -0.039910 0.010564 -1.237529 0.037084 0.980064 0.195193 61.772167 -0.018143 -0.194635 0.980708 0.012192 0.000000 0.000000 0.000000 1.000000
0.997658 -0.067766 0.009312 -3.360159 0.059171 0.923277 0.379551 61.263985 -0.034318 -0.378111 0.925124 -0.253527 0.000000 0.000000 0.000000 1.000000
0.995081 -0.097902 0.015124 -5.731794 0.081567 0.896366 0.435746 66.205544 -0.056217 -0.432369 0.899943 0.397890 0.000000 0.000000 0.000000 1.000000
0.979218 -0.201013 0.026931 -7.966071 0.175155 0.905144 0.387344 74.918915 -0.102238 -0.374577 0.921542 1.531996 0.000000 0.000000 0.000000 1.000000
0.959920 -0.259687 0.105436 -8.950413 0.215931 0.925052 0.312494 82.013573 -0.178684 -0.277202 0.944050 3.683696 0.000000 0.000000 0.000000 1.000000
0.958190 -0.213315 0.190705 -8.481969 0.170320 0.960766 0.218904 88.789886 -0.229919 -0.177271 0.956929 5.700580 0.000000 0.000000 0.000000 1.000000
0.976707 -0.073113 0.201736 -7.108068 0.048324 0.990957 0.125178 94.065338 -0.209064 -0.112513 0.971408 7.077789 0.000000 0.000000 0.000000 1.000000
0.985586 0.049849 0.161661 -5.461051 -0.070110 0.990032 0.122153 98.410393 -0.153961 -0.131726 0.979257 6.228394 0.000000 0.000000 0.000000 1.000000
0.982970 0.119248 0.139819 -3.850800 -0.140938 0.977460 0.157191 101.001793 -0.117923 -0.174220 0.977620 3.018795 0.000000 0.000000 0.000000 1.000000
0.979186 0.176307 0.100550 -1.984404 -0.191084 0.967798 0.163869 100.831299 -0.068421 -0.179672 0.981344 -1.298738 0.000000 0.000000 0.000000 1.000000
0.977314 0.200522 0.068175 -0.272008 -0.207104 0.972175 0.109467 98.645317 -0.044327 -0.121103 0.991650 -5.308719 0.000000 0.000000 0.000000 1.000000
0.975388 0.216537 0.041597 1.128600 -0.217313 0.975985 0.015082 95.247192 -0.037332 -0.023750 0.999021 -8.736186 0.000000 0.000000 0.000000 1.000000
0.977658 0.209300 0.019431 2.154603 -0.208882 0.977703 -0.021556 90.197189 -0.023509 0.017016 0.999579 -12.382292 0.000000 0.000000 0.000000 1.000000
0.980108 0.198410 -0.004667 2.764863 -0.198040 0.979276 0.042410 83.803421 0.012985 -0.040642 0.999089 -15.564979 0.000000 0.000000 0.000000 1.000000
0.980946 0.189593 -0.042427 2.723393 -0.182981 0.974982 0.126209 76.645721 0.065294 -0.116041 0.991096 -17.719490 0.000000 0.000000 0.000000 1.000000
0.980060 0.177592 -0.089125 2.045933 -0.159433 0.970531 0.180695 70.025208 0.118589 -0.162882 0.979493 -18.419548 0.000000 0.000000 0.000000 1.000000
0.979987 0.159787 -0.118716 1.089235 -0.131158 0.966926 0.218749 63.870655 0.149743 -0.198801 0.968532 -18.077732 0.000000 0.000000 0.000000 1.000000
0.982662 0.140030 -0.121522 -0.004824 -0.108001 0.965065 0.238715 59.505653 0.150704 -0.221451 0.963456 -16.673552 0.000000 0.000000 0.000000 1.000000
0.990219 0.105379 -0.091441 -1.290282 -0.082328 0.970448 0.226834 57.127373 0.112643 -0.217087 0.969631 -14.259400 0.000000 0.000000 0.000000 1.000000
0.998410 0.044160 -0.035030 -2.638897 -0.037737 0.985310 0.166555 56.216789 0.041870 -0.164968 0.985410 -11.606426 0.000000 0.000000 0.000000 1.000000
0.998900 -0.020235 0.042306 -3.654593 0.018251 0.998739 0.046767 57.096958 -0.043199 -0.045944 0.998010 -8.984064 0.000000 0.000000 0.000000 1.000000
0.992383 -0.039097 0.116820 -4.137216 0.049964 0.994542 -0.091591 59.442146 -0.112602 0.096730 0.988921 -6.308980 0.000000 0.000000 0.000000 1.000000
0.988956 -0.020264 0.146819 -4.026305 0.049320 0.979148 -0.197072 61.952011 -0.139764 0.202137 0.969333 -3.947810 0.000000 0.000000 0.000000 1.000000
0.993294 -0.003626 0.115560 -3.324160 0.030891 0.971496 -0.235036 63.949726 -0.111414 0.237030 0.965093 -2.715366 0.000000 0.000000 0.000000 1.000000
0.997695 -0.010941 0.066977 -2.318291 0.024968 0.976874 -0.212355 64.300514 -0.063105 0.213538 0.974895 -2.175886 0.000000 0.000000 0.000000 1.000000
0.998409 -0.030312 0.047556 -1.393850 0.037411 0.987000 -0.156305 63.439201 -0.042200 0.157835 0.986563 -1.233521 0.000000 0.000000 0.000000 1.000000
0.998502 -0.031449 0.044765 -0.663664 0.034913 0.996278 -0.078814 62.533279 -0.042120 0.080259 0.995884 -0.338811 0.000000 0.000000 0.000000 1.000000
0.999119 -0.017580 0.038105 -0.063894 0.017660 0.999842 -0.001770 62.951820 -0.038068 0.002441 0.999272 -0.190147 0.000000 0.000000 0.000000 1.000000</float_array>
        <technique_common>
          <accessor source="#mixamorig_Hips-Matrix-animation-output-transform-array" count="29" stride="16">
            <param type="float4x4"/>
          </accessor>
        </technique_common>
      </source>
      <source id="mixamorig_Hips-Interpolations">
        <Name_array id="mixamorig_Hips-Interpolations-array" count="29">
 LINEAR LINEAR LINEAR LINEAR LINEAR LINEAR LINEAR LINEAR LINEAR LINEAR LINEAR
LINEAR LINEAR LINEAR LINEAR LINEAR LINEAR LINEAR LINEAR LINEAR LINEAR LINEAR LINEAR
LINEAR LINEAR LINEAR LINEAR LINEAR LINEAR</Name_array>
        <technique_common>
          <accessor source="#mixamorig_Hips-Interpolations-array" count="29">
            <param type="name"/>
          </accessor>
        </technique_common>
      </source>
      <sampler id="mixamorig_Hips-Matrix-animation-transform">
        <input semantic="INPUT" source="#mixamorig_Hips-Matrix-animation-input"/>
        <input semantic="OUTPUT" source="#mixamorig_Hips-Matrix-animation-output-transform"/>
        <input semantic="INTERPOLATION" source="#mixamorig_Hips-Interpolations"/>
      </sampler>
      <channel source="#mixamorig_Hips-Matrix-animation-transform" target="mixamorig_Hips/matrix"/>
    </animation>
    <animation id="mixamorig_Spine-anim" name="mixamorig_Spine">
      <source id="mixamorig_Spine-Matrix-animation-input">
        <float_array id="mixamorig_Spine-Matrix-animation-input-array" count="29">

0.000000 0.033333 0.066667 0.100000 0.133333 0.166667 0.200000 0.233333 0.266667 0.300000 0.333333 0.366667 0.400000 0.433333 0.466667 0.500000
0.533333 0.566667 0.600000 0.633333 0.666667 0.700000 0.733333 0.766667 0.800000 0.833333 0.866667 0.900000 0.933333</float_array>
        <technique_common>
          <accessor source="#mixamorig_Spine-Matrix-animation-input-array" count="29">
            <param name="TIME" type="float"/>
          </accessor>
        </technique_common>
      </source>
      <source id="mixamorig_Spine-Matrix-animation-output-transform">
        <float_array id="mixamorig_Spine-Matrix-animation-output-transform-array" count="464">

0.999400 -0.000627 0.034634 -0.000000 0.008605 0.972987 -0.230698 3.962400 -0.033554 0.230858 0.972409 -0.274300 0.000000 0.000000 0.000000 1.000000
0.998699 -0.001742 0.050973 -0.000000 0.012904 0.975530 -0.219488 3.962400 -0.049343 0.219860 0.974283 -0.274300 0.000000 0.000000 0.000000 1.000000
0.998415 0.023094 0.051331 -0.000000 -0.013398 0.983251 -0.181764 3.962400 -0.054669 0.180788 0.982002 -0.274300 0.000000 0.000000 0.000000 1.000000
0.993745 0.111340 0.008620 -0.000000 -0.109247 0.985257 -0.131661 3.962400 -0.023152 0.129895 0.991257 -0.274300 0.000000 0.000000 0.000000 1.000000
0.965441 0.245848 -0.086504 -0.000000 -0.251513 0.965865 -0.062013 3.962400 0.068306 0.081627 0.994320 -0.274300 0.000000 0.000000 0.000000 1.000000
0.919624 0.338994 -0.198430 0.000000 -0.340575 0.939824 0.027186 3.962400 0.195705 0.042579 0.979738 -0.274300 0.000000 0.000000 0.000000 1.000000
0.904092 0.320045 -0.283177 -0.000000 -0.309980 0.947290 0.080954 3.962400 0.294160 0.014589 0.955645 -0.274300 0.000000 0.000000 0.000000 1.000000
0.926039 0.205999 -0.316252 0.000000 -0.199137 0.978469 0.054243 3.962400 0.320617 0.012746 0.947123 -0.274300 0.000000 0.000000 0.000000 1.000000
0.951986 0.072789 -0.297363 0.000000 -0.087014 0.995597 -0.034863 3.962400 0.293516 0.059064 0.954128 -0.274300 0.000000 0.000000 0.000000 1.000000
0.969244 -0.028648 -0.244430 0.000000 -0.005943 0.990187 -0.139619 3.962400 0.246031 0.136778 0.959563 -0.274300 0.000000 0.000000 0.000000 1.000000
0.977342 -0.098249 -0.187480 -0.000000 0.058122 0.976269 -0.208617 3.962400 0.203528 0.192993 0.959859 -0.274300 0.000000 0.000000 0.000000 1.000000
0.977236 -0.152750 -0.147230 0.000000 0.118283 0.968393 -0.219598 3.962400 0.176120 0.197185 0.964417 -0.274300 0.000000 0.000000 0.000000 1.000000
0.972512 -0.196926 -0.124261 0.000000 0.168724 0.963726 -0.206797 3.962400 0.160477 0.180147 0.970461 -0.274300 0.000000 0.000000 0.000000 1.000000
0.969470 -0.223873 -0.100040 0.000000 0.197195 0.954296 -0.224572 3.962400 0.145743 0.197989 0.969309 -0.274300 0.000000 0.000000 0.000000 1.000000
0.972061 -0.226081 -0.063125 0.000000 0.199808 0.938096 -0.282937 3.962400 0.123184 0.262419 0.957059 -0.274300 0.000000 0.000000 0.000000 1.000000
0.980162 -0.197552 -0.015966 0.000000 0.179983 0.920930 -0.345679 3.962400 0.082993 0.335948 0.938217 -0.274300 0.000000 0.000000 0.000000 1.000000
0.989955 -0.138289 0.029406 -0.000000 0.138903 0.912573 -0.384600 3.962400 0.026351 0.384821 0.922615 -0.274300 0.000000 0.000000 0.000000 1.000000
0.995497 -0.066387 0.067668 0.000000 0.088091 0.911538 -0.401669 3.962400 -0.035016 0.405821 0.913282 -0.274300 0.000000 0.000000 0.000000 1.000000
0.995247 -0.008951 0.096971 0.000000 0.047528 0.913766 -0.403452 3.962400 -0.084998 0.406143 0.909848 -0.274300 0.000000 0.000000 0.000000 1.000000
0.993795 0.021692 0.109094 0.000000 0.022000 0.923087 -0.383961 3.962400 -0.109032 0.383978 0.916882 -0.274300 0.000000 0.000000 0.000000 1.000000
0.994376 0.029715 0.101657 0.000000 0.006244 0.941719 -0.336343 3.962400 -0.105727 0.335086 0.936237 -0.274300 0.000000 0.000000 0.000000 1.000000
0.995927 0.023038 0.087174 0.000000 0.001195 0.963350 -0.268244 3.962400 -0.090159 0.267255 0.959399 -0.274300 0.000000 0.000000 0.000000 1.000000
0.995979 0.005283 0.089435 0.000000 0.012726 0.979793 -0.199608 3.962400 -0.088682 0.199944 0.975786 -0.274300 0.000000 0.000000 0.000000 1.000000
0.993369 -0.019077 0.113378 0.000000 0.036175 0.987914 -0.150721 3.962400 -0.109132 0.153823 0.982053 -0.274300 0.000000 0.000000 0.000000 1.000000
0.989955 -0.033094 0.137458 0.000000 0.051974 0.989328 -0.136120 3.962400 -0.131486 0.141897 0.981110 -0.274300 0.000000 0.000000 0.000000 1.000000
0.990453 -0.027675 0.135047 0.000000 0.049039 0.986295 -0.157536 3.962400 -0.128836 0.162655 0.978236 -0.274300 0.000000 0.000000 0.000000 1.000000
0.994687 -0.012615 0.102172 -0.000000 0.032540 0.980108 -0.195777 3.962400 -0.097669 0.198061 0.975311 -0.274300 0.000000 0.000000 0.000000 1.000000
0.998140 -0.002419 0.060910 0.000000 0.016084 0.974252 -0.224887 3.962400 -0.058798 0.225449 0.972479 -0.274300 0.000000 0.000000 0.000000 1.000000
0.999400 -0.000627 0.034634 0.000000 0.008605 0.972987 -0.230699 3.962400 -0.033554 0.230858 0.972409 -0.274300 0.000000 0.000000 0.000000 1.000000</float_array>
        <technique_common>
          <accessor source="#mixamorig_Spine-Matrix-animation-output-transform-array" count="29" stride="16">
            <param type="float4x4"/>
          </accessor>
        </technique_common>
      </source>
      <source id="mixamorig_Spine-Interpolations">
        <Name_array id="mixamorig_Spine-Interpolations-array" count="29">
 LINEAR LINEAR LINEAR LINEAR LINEAR LINEAR LINEAR LINEAR LINEAR LINEAR LINEAR
LINEAR LINEAR LINEAR LINEAR LINEAR LINEAR LINEAR LINEAR LINEAR LINEAR LINEAR LINEAR
LINEAR LINEAR LINEAR LINEAR LINEAR LINEAR</Name_array>
        <technique_common>
          <accessor source="#mixamorig_Spine-Interpolations-array" count="29">
            <param type="name"/>
          </accessor>
        </technique_common>
      </source>
      <sampler id="mixamorig_Spine-Matrix-animation-transform">
        <input semantic="INPUT" source="#mixamorig_Spine-Matrix-animation-input"/>
        <input semantic="OUTPUT" source="#mixamorig_Spine-Matrix-animation-output-transform"/>
        <input semantic="INTERPOLATION" source="#mixamorig_Spine-Interpolations"/>
      </sampler>
      <channel source="#mixamorig_Spine-Matrix-animation-transform" target="mixamorig_Spine/matrix"/>
    </animation>
    <animation id="mixamorig_Spine1-anim" name="mixamorig_Spine1">
      <source id="mixamorig_Spine1-Matrix-animation-input">
        <float_array id="mixamorig_Spine1-Matrix-animation-input-array" count="29">

0.000000 0.033333 0.066667 0.100000 0.133333 0.166667 0.200000 0.233333 0.266667 0.300000 0.333333 0.366667 0.400000 0.433333 0.466667 0.500000
0.533333 0.566667 0.600000 0.633333 0.666667 0.700000 0.733333 0.766667 0.800000 0.833333 0.866667 0.900000 0.933333</float_array>
        <technique_common>
          <accessor source="#mixamorig_Spine1-Matrix-animation-input-array" count="29">
            <param name="TIME" type="float"/>
          </accessor>
        </technique_common>
      </source>
      <source id="mixamorig_Spine1-Matrix-animation-output-transform">
        <float_array id="mixamorig_Spine1-Matrix-animation-output-transform-array" count="464">

0.999927 -0.008364 0.008767 0.000000 0.008751 0.998942 -0.045145 14.123300 -0.008380 0.045218 0.998942 0.264400 0.000000 0.000000 0.000000 1.000000
0.999732 -0.018989 0.013228 0.000000 0.021136 0.981990 -0.187745 14.123300 -0.009424 0.187974 0.982129 0.264400 0.000000 0.000000 0.000000 1.000000
0.999640 -0.022467 0.014647 0.000000 0.025925 0.949372 -0.313084 14.123300 -0.006871 0.313351 0.949612 0.264400 0.000000 0.000000 0.000000 1.000000
0.999893 -0.011812 0.008681 0.000000 0.014211 0.926314 -0.376484 14.123300 -0.003594 0.376566 0.926383 0.264400 0.000000 0.000000 0.000000 1.000000
0.999931 0.010742 -0.004666 0.000000 -0.011709 0.924858 -0.380131 14.123300 0.000232 0.380160 0.924921 0.264400 0.000000 0.000000 0.000000 1.000000
0.999303 0.032759 -0.017883 -0.000000 -0.036945 0.936265 -0.349345 14.123300 0.005299 0.349763 0.936823 0.264400 0.000000 0.000000 0.000000 1.000000
0.998774 0.044217 -0.022277 -0.000000 -0.048941 0.949825 -0.308930 14.123300 0.007499 0.309641 0.950824 0.264400 0.000000 0.000000 0.000000 1.000000
0.998717 0.047964 -0.016235 0.000000 -0.050601 0.957529 -0.283862 14.123300 0.001930 0.284319 0.958728 0.264400 0.000000 0.000000 0.000000 1.000000
0.998652 0.051638 -0.005210 0.000000 -0.050885 0.954407 -0.294138 14.123300 -0.010217 0.294007 0.955749 0.264400 0.000000 0.000000 0.000000 1.000000
0.998631 0.052045 0.005151 0.000000 -0.047436 0.942841 -0.329850 14.123300 -0.022024 0.329154 0.944019 0.264400 0.000000 0.000000 0.000000 1.000000
0.999187 0.038164 0.012984 0.000000 -0.031246 0.936714 -0.348699 14.123300 -0.025470 0.348010 0.937145 0.264400 0.000000 0.000000 0.000000 1.000000
0.999809 0.007501 0.018040 0.000000 -0.001400 0.948494 -0.316793 14.123300 -0.019487 0.316707 0.948323 0.264400 0.000000 0.000000 0.000000 1.000000
0.999397 -0.028408 0.019951 0.000000 0.032495 0.967742 -0.249840 14.123300 -0.012210 0.250338 0.968082 0.264400 0.000000 0.000000 0.000000 1.000000
0.998415 -0.052934 0.019118 0.000000 0.055732 0.977218 -0.204791 14.123300 -0.007842 0.205532 0.978619 0.264400 0.000000 0.000000 0.000000 1.000000
0.998237 -0.057006 0.016545 0.000000 0.059247 0.973925 -0.218995 14.123300 -0.003629 0.219589 0.975586 0.264400 0.000000 0.000000 0.000000 1.000000
0.998969 -0.043542 0.012819 0.000000 0.045388 0.960370 -0.275007 14.123300 -0.000336 0.275305 0.961357 0.264400 0.000000 0.000000 0.000000 1.000000
0.999721 -0.021922 0.008739 -0.000000 0.023584 0.941656 -0.335749 14.123300 -0.000869 0.335861 0.941911 0.264400 0.000000 0.000000 0.000000 1.000000
0.999982 -0.000798 0.005922 0.000000 0.003017 0.922838 -0.385175 14.123300 -0.005158 0.385186 0.922824 0.264400 0.000000 0.000000 0.000000 1.000000
0.999874 0.014867 0.005488 -0.000000 -0.011145 0.905850 -0.423452 14.123300 -0.011267 0.423338 0.905902 0.264400 0.000000 0.000000 0.000000 1.000000
0.999701 0.023470 0.006862 0.000000 -0.017941 0.894687 -0.446333 14.123300 -0.016615 0.446076 0.894841 0.264400 0.000000 0.000000 0.000000 1.000000
0.999632 0.025769 0.008510 0.000000 -0.019316 0.895875 -0.443886 14.123300 -0.019062 0.443559 0.896043 0.264400 0.000000 0.000000 0.000000 1.000000
0.999654 0.024555 0.009397 -0.000000 -0.018500 0.910893 -0.412227 14.123300 -0.018682 0.411911 0.911033 0.264400 0.000000 0.000000 0.000000 1.000000
0.999676 0.023499 0.009795 0.000000 -0.018435 0.933510 -0.358077 14.123300 -0.017558 0.357780 0.933641 0.264400 0.000000 0.000000 0.000000 1.000000
0.999657 0.023823 0.010837 0.000000 -0.019612 0.956043 -0.292569 14.123300 -0.017330 0.292256 0.956183 0.264400 0.000000 0.000000 0.000000 1.000000
0.999661 0.022743 0.012714 0.000000 -0.019322 0.974434 -0.223840 14.123300 -0.017480 0.223519 0.974543 0.264400 0.000000 0.000000 0.000000 1.000000
0.999757 0.017131 0.013884 0.000000 -0.014742 0.987496 -0.156951 14.123300 -0.016399 0.156708 0.987509 0.264400 0.000000 0.000000 0.000000 1.000000
0.999885 0.007708 0.013027 0.000000 -0.006376 0.995025 -0.099422 14.123300 -0.013729 0.099328 0.994960 0.264400 0.000000 0.000000 0.000000 1.000000
0.999940 -0.001889 0.010790 0.000000 0.002538 0.998169 -0.060441 14.123300 -0.010656 0.060465 0.998113 0.264400 0.000000 0.000000 0.000000 1.000000
0.999927 -0.008364 0.008767 0.000000 0.008751 0.998942 -0.045145 14.123300 -0.008380 0.045218 0.998942 0.264400 0.000000 0.000000 0.000000 1.000000</float_array>
        <technique_common>
          <accessor source="#mixamorig_Spine1-Matrix-animation-output-transform-array" count="29" stride="16">
            <param type="float4x4"/>
          </accessor>
        </technique_common>
      </source>
      <source id="mixamorig_Spine1-Interpolations">
        <Name_array id="mixamorig_Spine1-Interpolations-array" count="29">
 LINEAR LINEAR LINEAR LINEAR LINEAR LINEAR LINEAR LINEAR LINEAR LINEAR LINEAR
LINEAR LINEAR LINEAR LINEAR LINEAR LINEAR LINEAR LINEAR LINEAR LINEAR LINEAR LINEAR
LINEAR LINEAR LINEAR LINEAR LINEAR LINEAR</Name_array>
        <technique_common>
          <accessor source="#mixamorig_Spine1-Interpolations-array" count="29">
            <param type="name"/>
          </accessor>
        </technique_common>
      </source>
      <sampler id="mixamorig_Spine1-Matrix-animation-transform">
        <input semantic="INPUT" source="#mixamorig_Spine1-Matrix-animation-input"/>
        <input semantic="OUTPUT" source="#mixamorig_Spine1-Matrix-animation-output-transform"/>
        <input semantic="INTERPOLATION" source="#mixamorig_Spine1-Interpolations"/>
      </sampler>
      <channel source="#mixamorig_Spine1-Matrix-animation-transform" target="mixamorig_Spine1/matrix"/>
    </animation>
    <animation id="mixamorig_Spine2-anim" name="mixamorig_Spine2">
      <source id="mixamorig_Spine2-Matrix-animation-input">
        <float_array id="mixamorig_Spine2-Matrix-animation-input-array" count="29">

0.000000 0.033333 0.066667 0.100000 0.133333 0.166667 0.200000 0.233333 0.266667 0.300000 0.333333 0.366667 0.400000 0.433333 0.466667 0.500000
0.533333 0.566667 0.600000 0.633333 0.666667 0.700000 0.733333 0.766667 0.800000 0.833333 0.866667 0.900000 0.933333</float_array>
        <technique_common>
          <accessor source="#mixamorig_Spine2-Matrix-animation-input-array" count="29">
            <param name="TIME" type="float"/>
          </accessor>
        </technique_common>
      </source>
      <source id="mixamorig_Spine2-Matrix-animation-output-transform">
        <float_array id="mixamorig_Spine2-Matrix-animation-output-transform-array" count="464">

0.999932 -0.008213 0.008330 -0.000000 0.008581 0.998941 -0.045202 11.404500 -0.007950 0.045270 0.998943 0.106100 0.000000 0.000000 0.000000 1.000000
0.999804 -0.013721 0.014272 -0.000000 0.016183 0.981658 -0.189963 11.404500 -0.011404 0.190157 0.981688 0.106100 0.000000 0.000000 0.000000 1.000000
0.999889 -0.006410 0.013427 -0.000000 0.010402 0.946411 -0.322798 11.404500 -0.010638 0.322902 0.946372 0.106100 0.000000 0.000000 0.000000 1.000000
0.999814 0.019273 0.000682 0.000000 -0.017393 0.916439 -0.399795 11.404500 -0.008330 0.399709 0.916604 0.106100 0.000000 0.000000 0.000000 1.000000
0.997980 0.059233 -0.022954 0.000000 -0.063381 0.904128 -0.422534 11.404500 -0.004275 0.423135 0.906056 0.106100 0.000000 0.000000 0.000000 1.000000
0.994019 0.098827 -0.046478 -0.000000 -0.109206 0.903366 -0.414733 11.404500 0.001000 0.417328 0.908755 0.106100 0.000000 0.000000 0.000000 1.000000
0.990555 0.124914 -0.056550 0.000000 -0.137112 0.906285 -0.399810 11.404500 0.001308 0.403787 0.914852 0.106100 0.000000 0.000000 0.000000 1.000000
0.989366 0.136815 -0.049355 0.000000 -0.145090 0.904703 -0.400577 11.404500 -0.010154 0.403478 0.914933 0.106100 0.000000 0.000000 0.000000 1.000000
0.989585 0.140242 -0.032465 -0.000000 -0.140378 0.890228 -0.433345 11.404500 -0.031872 0.433389 0.900643 0.106100 0.000000 0.000000 0.000000 1.000000
0.991009 0.132965 -0.014882 0.000000 -0.123394 0.865298 -0.485833 11.404500 -0.051721 0.483301 0.873925 0.106100 0.000000 0.000000 0.000000 1.000000
0.994344 0.106203 0.001085 0.000000 -0.090341 0.851113 -0.517150 11.404500 -0.055846 0.514127 0.855894 0.106100 0.000000 0.000000 0.000000 1.000000
0.998175 0.058062 0.016601 0.000000 -0.042288 0.868306 -0.494224 11.404500 -0.043110 0.492620 0.869176 0.106100 0.000000 0.000000 0.000000 1.000000
0.999570 -0.000039 0.029333 0.000000 0.012516 0.904957 -0.425319 11.404500 -0.026529 0.425503 0.904568 0.106100 0.000000 0.000000 0.000000 1.000000
0.998276 -0.048485 0.033093 0.000000 0.057149 0.931523 -0.359165 11.404500 -0.013413 0.360436 0.932687 0.106100 0.000000 0.000000 0.000000 1.000000
0.997053 -0.072660 0.024617 0.000000 0.076703 0.938010 -0.338015 11.404500 0.001469 0.338907 0.940819 0.106100 0.000000 0.000000 0.000000 1.000000
0.997390 -0.071747 0.008046 0.000000 0.069866 0.931099 -0.358014 11.404500 0.018195 0.357642 0.933682 0.106100 0.000000 0.000000 0.000000 1.000000
0.998445 -0.055095 -0.008487 0.000000 0.047363 0.918727 -0.392042 11.404500 0.029396 0.391030 0.919908 0.106100 0.000000 0.000000 0.000000 1.000000
0.999254 -0.033659 -0.018958 0.000000 0.022401 0.904680 -0.425502 11.404500 0.031473 0.424759 0.904759 0.106100 0.000000 0.000000 0.000000 1.000000
0.999653 -0.015036 -0.021651 0.000000 0.003518 0.890107 -0.455737 11.404500 0.026124 0.455503 0.889851 0.106100 0.000000 0.000000 0.000000 1.000000
0.999839 -0.002860 -0.017721 0.000000 -0.005933 0.879082 -0.476634 11.404500 0.016942 0.476662 0.878923 0.106100 0.000000 0.000000 0.000000 1.000000
0.999952 0.002351 -0.009516 -0.000000 -0.006614 0.878368 -0.477939 11.404500 0.007235 0.477979 0.878341 0.106100 0.000000 0.000000 0.000000 1.000000
0.999996 0.002877 0.000179 0.000000 -0.002480 0.890349 -0.455273 11.404500 -0.001469 0.455270 0.890352 0.106100 0.000000 0.000000 0.000000 1.000000
0.999956 0.002436 0.009072 0.000000 0.001533 0.910523 -0.413455 11.404500 -0.009268 0.413451 0.910479 0.106100 0.000000 0.000000 0.000000 1.000000
0.999866 0.002902 0.016095 -0.000000 0.003074 0.933246 -0.359224 11.404500 -0.016064 0.359225 0.933113 0.106100 0.000000 0.000000 0.000000 1.000000
0.999787 0.003034 0.020398 0.000000 0.003088 0.955935 -0.293561 11.404500 -0.020390 0.293562 0.955723 0.106100 0.000000 0.000000 0.000000 1.000000
0.999785 0.001292 0.020682 0.000000 0.003201 0.976452 -0.215711 11.404500 -0.020474 0.215731 0.976238 0.106100 0.000000 0.000000 0.000000 1.000000
0.999853 -0.001917 0.017030 0.000000 0.004212 0.990728 -0.135796 11.404500 -0.016612 0.135847 0.990591 0.106100 0.000000 0.000000 0.000000 1.000000
0.999915 -0.005336 0.011935 0.000000 0.006202 0.997259 -0.073726 11.404500 -0.011509 0.073793 0.997207 0.106100 0.000000 0.000000 0.000000 1.000000
0.999932 -0.008213 0.008330 0.000000 0.008581 0.998941 -0.045202 11.404500 -0.007950 0.045270 0.998943 0.106100 0.000000 0.000000 0.000000 1.000000</float_array>
        <technique_common>
          <accessor source="#mixamorig_Spine2-Matrix-animation-output-transform-array" count="29" stride="16">
            <param type="float4x4"/>
          </accessor>
        </technique_common>
      </source>
      <source id="mixamorig_Spine2-Interpolations">
        <Name_array id="mixamorig_Spine2-Interpolations-array" count="29">
 LINEAR LINEAR LINEAR LINEAR LINEAR LINEAR LINEAR LINEAR LINEAR LINEAR LINEAR
LINEAR LINEAR LINEAR LINEAR LINEAR LINEAR LINEAR LINEAR LINEAR LINEAR LINEAR LINEAR
LINEAR LINEAR LINEAR LINEAR LINEAR LINEAR</Name_array>
        <technique_common>
          <accessor source="#mixamorig_Spine2-Interpolations-array" count="29">
            <param type="name"/>
          </accessor>
        </technique_common>
      </source>
      <sampler id="mixamorig_Spine2-Matrix-animation-transform">
        <input semantic="INPUT" source="#mixamorig_Spine2-Matrix-animation-input"/>
        <input semantic="OUTPUT" source="#mixamorig_Spine2-Matrix-animation-output-transform"/>
        <input semantic="INTERPOLATION" source="#mixamorig_Spine2-Interpolations"/>
      </sampler>
      <channel source="#mixamorig_Spine2-Matrix-animation-transform" target="mixamorig_Spine2/matrix"/>
    </animation>
    <animation id="mixamorig_Neck-anim" name="mixamorig_Neck">
      <source id="mixamorig_Neck-Matrix-animation-input">
        <float_array id="mixamorig_Neck-Matrix-animation-input-array" count="29">

0.000000 0.033333 0.066667 0.100000 0.133333 0.166667 0.200000 0.233333 0.266667 0.300000 0.333333 0.366667 0.400000 0.433333 0.466667 0.500000
0.533333 0.566667 0.600000 0.633333 0.666667 0.700000 0.733333 0.766667 0.800000 0.833333 0.866667 0.900000 0.933333</float_array>
        <technique_common>
          <accessor source="#mixamorig_Neck-Matrix-animation-input-array" count="29">
            <param name="TIME" type="float"/>
          </accessor>
        </technique_common>
      </source>
      <source id="mixamorig_Neck-Matrix-animation-output-transform">
        <float_array id="mixamorig_Neck-Matrix-animation-output-transform-array" count="464">

0.999794 -0.015440 -0.013181 0.000000 0.014674 0.998301 -0.056398 9.946700 0.014029 0.056193 0.998321 0.000000 0.000000 0.000000 0.000000 1.000000
0.999874 0.003532 -0.015461 0.000000 -0.004036 0.999458 -0.032667 9.946700 0.015338 0.032726 0.999347 0.000000 0.000000 0.000000 0.000000 1.000000
0.999762 0.005893 -0.020986 -0.000000 -0.006235 0.999848 -0.016266 9.946700 0.020887 0.016393 0.999647 0.000000 0.000000 0.000000 0.000000 1.000000
0.999800 -0.001048 -0.019959 0.000000 0.000639 0.999790 -0.020484 9.946700 0.019976 0.020467 0.999591 -0.000000 0.000000 0.000000 0.000000 1.000000
0.999975 -0.000051 -0.007108 0.000000 -0.000258 0.999051 -0.043553 9.946700 0.007104 0.043553 0.999026 0.000000 0.000000 0.000000 0.000000 1.000000
0.999711 0.020250 0.012936 0.000000 -0.019176 0.996741 -0.078352 9.946700 -0.014481 0.078081 0.996842 0.000000 0.000000 0.000000 0.000000 1.000000
0.998254 0.050242 0.031070 0.000000 -0.046371 0.992311 -0.114757 9.946700 -0.036597 0.113116 0.992908 0.000000 0.000000 0.000000 0.000000 1.000000
0.996726 0.069231 0.041766 0.000000 -0.062869 0.988427 -0.138059 9.946700 -0.050840 0.134981 0.989543 0.000000 0.000000 0.000000 0.000000 1.000000
0.996679 0.068255 0.044410 0.000000 -0.061605 0.988662 -0.136938 9.946700 -0.053254 0.133747 0.989584 -0.000000 0.000000 0.000000 0.000000 1.000000
0.997563 0.056686 0.040670 -0.000000 -0.051828 0.992364 -0.111930 9.946700 -0.046704 0.109549 0.992884 0.000000 0.000000 0.000000 0.000000 1.000000
0.998262 0.048698 0.033177 -0.000000 -0.046126 0.996168 -0.074313 9.946700 -0.036669 0.072653 0.996683 0.000000 0.000000 0.000000 0.000000 1.000000
0.998468 0.049257 0.025207 -0.000000 -0.048353 0.998207 -0.035289 9.946700 -0.026900 0.034016 0.999059 -0.000000 0.000000 0.000000 0.000000 1.000000
0.998389 0.053128 0.019901 0.000000 -0.053221 0.998574 0.004208 9.946700 -0.019649 -0.005260 0.999793 0.000000 0.000000 0.000000 0.000000 1.000000
0.998415 0.052943 0.019105 0.000000 -0.053852 0.997262 0.050686 9.946700 -0.016369 -0.051635 0.998532 0.000000 0.000000 0.000000 0.000000 1.000000
0.998726 0.045399 0.022030 -0.000000 -0.047491 0.993214 0.106163 9.946700 -0.017061 -0.107074 0.994105 -0.000000 0.000000 0.000000 0.000000 1.000000
0.999181 0.031161 0.025815 0.000000 -0.034966 0.985974 0.163194 9.946700 -0.020368 -0.163963 0.986256 0.000000 0.000000 0.000000 0.000000 1.000000
0.999522 0.013093 0.028009 0.000000 -0.018709 0.977353 0.210785 9.946700 -0.024615 -0.211209 0.977131 -0.000000 0.000000 0.000000 0.000000 1.000000
0.999593 -0.003489 0.028330 0.000000 -0.003428 0.970642 0.240506 9.946700 -0.028337 -0.240505 0.970234 0.000000 0.000000 0.000000 0.000000 1.000000
0.999551 -0.011693 0.027574 0.000000 0.004514 0.968936 0.247269 9.946700 -0.029609 -0.247033 0.968554 0.000000 0.000000 0.000000 0.000000 1.000000
0.999662 -0.007751 0.024834 0.000000 0.001811 0.973002 0.230791 9.946700 -0.025952 -0.230667 0.972686 0.000000 0.000000 0.000000 0.000000 1.000000
0.999835 0.005397 0.017339 0.000000 -0.008730 0.980098 0.198322 9.946700 -0.015924 -0.198441 0.979983 0.000000 0.000000 0.000000 0.000000 1.000000
0.999760 0.021436 0.004552 -0.000000 -0.021890 0.986574 0.161842 9.946700 -0.001022 -0.161903 0.986806 -0.000000 0.000000 0.000000 0.000000 1.000000
0.999298 0.036311 -0.009228 0.000000 -0.034802 0.990871 0.130246 9.946700 0.013873 -0.129834 0.991439 0.000000 0.000000 0.000000 0.000000 1.000000
0.998703 0.047422 -0.018512 -0.000000 -0.045270 0.993638 0.103118 9.946700 0.023284 -0.102147 0.994497 0.000000 0.000000 0.000000 0.000000 1.000000
0.998496 0.050445 -0.021475 0.000000 -0.048807 0.996283 0.070975 9.946700 0.024975 -0.069820 0.997247 0.000000 0.000000 0.000000 0.000000 1.000000
0.998900 0.042444 -0.019953 -0.000000 -0.041906 0.998765 0.026678 9.946700 0.021061 -0.025813 0.999445 0.000000 0.000000 0.000000 0.000000 1.000000
0.999530 0.025658 -0.016791 0.000000 -0.026011 0.999437 -0.021202 9.946700 0.016237 0.021629 0.999634 0.000000 0.000000 0.000000 0.000000 1.000000
0.999886 0.005060 -0.014191 0.000000 -0.005815 0.998542 -0.053669 9.946700 0.013899 0.053745 0.998458 0.000000 0.000000 0.000000 0.000000 1.000000
0.999794 -0.015440 -0.013181 0.000000 0.014674 0.998301 -0.056398 9.946700 0.014029 0.056193 0.998321 0.000000 0.000000 0.000000 0.000000 1.000000</float_array>
        <technique_common>
          <accessor source="#mixamorig_Neck-Matrix-animation-output-transform-array" count="29" stride="16">
            <param type="float4x4"/>
          </accessor>
        </technique_common>
      </source>
      <source id="mixamorig_Neck-Interpolations">
        <Name_array id="mixamorig_Neck-Interpolations-array" count="29">
 LINEAR LINEAR LINEAR LINEAR LINEAR LINEAR LINEAR LINEAR LINEAR LINEAR LINEAR
LINEAR LINEAR LINEAR LINEAR LINEAR LINEAR LINEAR LINEAR LINEAR LINEAR LINEAR LINEAR
LINEAR LINEAR LINEAR LINEAR LINEAR LINEAR</Name_array>
        <technique_common>
          <accessor source="#mixamorig_Neck-Interpolations-array" count="29">
            <param type="name"/>
          </accessor>
        </technique_common>
      </source>
      <sampler id="mixamorig_Neck-Matrix-animation-transform">
        <input semantic="INPUT" source="#mixamorig_Neck-Matrix-animation-input"/>
        <input semantic="OUTPUT" source="#mixamorig_Neck-Matrix-animation-output-transform"/>
        <input semantic="INTERPOLATION" source="#mixamorig_Neck-Interpolations"/>
      </sampler>
      <channel source="#mixamorig_Neck-Matrix-animation-transform" target="mixamorig_Neck/matrix"/>
    </animation>
    <animation id="mixamorig_Head-anim" name="mixamorig_Head">
      <source id="mixamorig_Head-Matrix-animation-input">
        <float_array id="mixamorig_Head-Matrix-animation-input-array" count="29">

0.000000 0.033333 0.066667 0.100000 0.133333 0.166667 0.200000 0.233333 0.266667 0.300000 0.333333 0.366667 0.400000 0.433333 0.466667 0.500000
0.533333 0.566667 0.600000 0.633333 0.666667 0.700000 0.733333 0.766667 0.800000 0.833333 0.866667 0.900000 0.933333</float_array>
        <technique_common>
          <accessor source="#mixamorig_Head-Matrix-animation-input-array" count="29">
            <param name="TIME" type="float"/>
          </accessor>
        </technique_common>
      </source>
      <source id="mixamorig_Head-Matrix-animation-output-transform">
        <float_array id="mixamorig_Head-Matrix-animation-output-transform-array" count="464">

0.993590 0.084365 -0.075240 0.000000 -0.066713 0.974945 0.212206 8.579100 0.091257 -0.205826 0.974324 0.114200 0.000000 0.000000 0.000000 1.000000
0.992264 0.091251 -0.084173 0.000000 -0.068764 0.968501 0.239326 8.579100 0.103361 -0.231687 0.967284 0.114200 0.000000 0.000000 0.000000 1.000000
0.992084 0.083855 -0.093471 -0.000000 -0.058754 0.967828 0.244657 8.579100 0.110980 -0.237228 0.965094 0.114200 0.000000 0.000000 0.000000 1.000000
0.995321 0.070665 -0.065899 0.000000 -0.055160 0.975506 0.212945 8.579100 0.079333 -0.208314 0.974839 0.114200 0.000000 0.000000 0.000000 1.000000
0.997772 0.065749 0.011322 0.000000 -0.066714 0.984790 0.160433 8.579100 -0.000602 -0.160831 0.986982 0.114200 0.000000 0.000000 0.000000 1.000000
0.991449 0.072045 0.108801 0.000000 -0.083445 0.991055 0.104150 8.579100 -0.100325 -0.112338 0.988593 0.114200 0.000000 0.000000 0.000000 1.000000
0.978980 0.076974 0.188876 0.000000 -0.088111 0.994790 0.051286 8.579100 -0.183944 -0.066850 0.980661 0.114200 0.000000 0.000000 0.000000 1.000000
0.969565 0.067535 0.235335 0.000000 -0.071836 0.997369 0.009743 8.579100 -0.234058 -0.026352 0.971865 0.114200 0.000000 0.000000 0.000000 1.000000
0.967897 0.041636 0.247876 0.000000 -0.040066 0.999132 -0.011377 8.579100 -0.248134 0.001081 0.968725 0.114200 0.000000 0.000000 0.000000 1.000000
0.972526 0.010164 0.232574 0.000000 -0.007425 0.999892 -0.012648 8.579100 -0.232677 0.010573 0.972497 0.114200 0.000000 0.000000 0.000000 1.000000
0.979257 -0.008275 0.202453 0.000000 0.010058 0.999919 -0.007779 8.579100 -0.202372 0.009654 0.979261 0.114200 0.000000 0.000000 0.000000 1.000000
0.984729 0.000087 0.174092 0.000000 0.001316 0.999968 -0.007945 8.579100 -0.174087 0.008053 0.984697 0.114200 0.000000 0.000000 0.000000 1.000000
0.986898 0.033419 0.157846 -0.000000 -0.032629 0.999439 -0.007595 8.579100 -0.158011 0.002345 0.987434 0.114200 0.000000 0.000000 0.000000 1.000000
0.985092 0.074554 0.155035 -0.000000 -0.076657 0.997028 0.007621 8.579100 -0.154006 -0.019392 0.987880 0.114200 0.000000 0.000000 0.000000 1.000000
0.981341 0.102675 0.162563 0.000000 -0.110954 0.992909 0.042671 8.579100 -0.157029 -0.059912 0.985775 0.114200 0.000000 0.000000 0.000000 1.000000
0.978488 0.106437 0.176727 0.000000 -0.123411 0.988448 0.087982 8.579100 -0.165321 -0.107899 0.980320 0.114200 0.000000 0.000000 0.000000 1.000000
0.977654 0.087307 0.191231 -0.000000 -0.113093 0.985259 0.128355 8.579100 -0.177206 -0.147114 0.973116 0.114200 0.000000 0.000000 0.000000 1.000000
0.979229 0.053696 0.195520 0.000000 -0.084315 0.984805 0.151820 8.579100 -0.184397 -0.165152 0.968877 0.114200 0.000000 0.000000 0.000000 1.000000
0.983786 0.014808 0.178734 0.000000 -0.043045 0.986950 0.155164 8.579100 -0.174104 -0.160342 0.971585 0.114200 0.000000 0.000000 0.000000 1.000000
0.990945 -0.020275 0.132730 -0.000000 -0.000246 0.988257 0.152800 8.579100 -0.134269 -0.151449 0.979303 0.114200 0.000000 0.000000 0.000000 1.000000
0.997795 -0.039774 0.053132 0.000000 0.029644 0.983328 0.179409 8.579100 -0.059382 -0.177438 0.982339 0.114200 0.000000 0.000000 0.000000 1.000000
0.998166 -0.030155 -0.052495 -0.000000 0.043009 0.963465 0.264358 8.579100 0.042605 -0.266131 0.962995 0.114200 0.000000 0.000000 0.000000 1.000000
0.987894 0.011317 -0.154718 0.000000 0.050403 0.919811 0.389111 8.579100 0.146715 -0.392199 0.908105 0.114200 0.000000 0.000000 0.000000 1.000000
0.974400 0.064710 -0.215306 0.000000 0.050914 0.869286 0.491680 8.579100 0.218979 -0.490055 0.843738 0.114200 0.000000 0.000000 0.000000 1.000000
0.970404 0.101872 -0.218945 0.000000 0.029130 0.850660 0.524908 8.579100 0.239722 -0.515751 0.822517 0.114200 0.000000 0.000000 0.000000 1.000000
0.977109 0.110950 -0.181519 0.000000 -0.009675 0.875528 0.483071 8.579100 0.212521 -0.470256 0.856559 0.114200 0.000000 0.000000 0.000000 1.000000
0.985994 0.100869 -0.132822 0.000000 -0.041138 0.918862 0.392429 8.579100 0.161629 -0.381468 0.910142 0.114200 0.000000 0.000000 0.000000 1.000000
0.991520 0.088348 -0.095308 0.000000 -0.056937 0.954562 0.292524 8.579100 0.116821 -0.284616 0.951497 0.114200 0.000000 0.000000 0.000000 1.000000
0.993590 0.084365 -0.075240 -0.000000 -0.066713 0.974945 0.212206 8.579100 0.091257 -0.205826 0.974324 0.114200 0.000000 0.000000 0.000000 1.000000</float_array>
        <technique_common>
          <accessor source="#mixamorig_Head-Matrix-animation-output-transform-array" count="29" stride="16">
            <param type="float4x4"/>
          </accessor>
        </technique_common>
      </source>
      <source id="mixamorig_Head-Interpolations">
        <Name_array id="mixamorig_Head-Interpolations-array" count="29">
 LINEAR LINEAR LINEAR LINEAR LINEAR LINEAR LINEAR LINEAR LINEAR LINEAR LINEAR
LINEAR LINEAR LINEAR LINEAR LINEAR LINEAR LINEAR LINEAR LINEAR LINEAR LINEAR LINEAR
LINEAR LINEAR LINEAR LINEAR LINEAR LINEAR</Name_array>
        <technique_common>
          <accessor source="#mixamorig_Head-Interpolations-array" count="29">
            <param type="name"/>
          </accessor>
        </technique_common>
      </source>
      <sampler id="mixamorig_Head-Matrix-animation-transform">
        <input semantic="INPUT" source="#mixamorig_Head-Matrix-animation-input"/>
        <input semantic="OUTPUT" source="#mixamorig_Head-Matrix-animation-output-transform"/>
        <input semantic="INTERPOLATION" source="#mixamorig_Head-Interpolations"/>
      </sampler>
      <channel source="#mixamorig_Head-Matrix-animation-transform" target="mixamorig_Head/matrix"/>
    </animation>
    <animation id="mixamorig_LeftShoulder-anim" name="mixamorig_LeftShoulder">
      <source id="mixamorig_LeftShoulder-Matrix-animation-input">
        <float_array id="mixamorig_LeftShoulder-Matrix-animation-input-array" count="29">

0.000000 0.033333 0.066667 0.100000 0.133333 0.166667 0.200000 0.233333 0.266667 0.300000 0.333333 0.366667 0.400000 0.433333 0.466667 0.500000
0.533333 0.566667 0.600000 0.633333 0.666667 0.700000 0.733333 0.766667 0.800000 0.833333 0.866667 0.900000 0.933333</float_array>
        <technique_common>
          <accessor source="#mixamorig_LeftShoulder-Matrix-animation-input-array" count="29">
            <param name="TIME" type="float"/>
          </accessor>
        </technique_common>
      </source>
      <source id="mixamorig_LeftShoulder-Matrix-animation-output-transform">
        <float_array id="mixamorig_LeftShoulder-Matrix-animation-output-transform-array" count="464">

