<?xml version="1.0" encoding="utf-8"?>
<COLLADA xmlns="http://www.collada.org/2005/11/COLLADASchema" version="1.4.1">
  <asset>
    <contributor>
      <author>Mixamo</author>
      <authoring_tool>COLLADA Mixamo exporter</authoring_tool>
      <comments/>
    </contributor>
    <created>2023-02-20T20:06:54Z</created>
    <modified>2023-02-20T20:06:54Z</modified>
    <revision/>
    <title/>
    <unit meter="0.010000"/>
    <up_axis>Y_UP</up_axis>
  </asset>
  <library_animations>
    <animation id="mixamorig_Hips-anim" name="mixamorig_Hips">
      <source id="mixamorig_Hips-Matrix-animation-input">
        <float_array id="mixamorig_Hips-Matrix-animation-input-array" count="101">

0.000000 0.033333 0.066667 0.100000 0.133333 0.166667 0.200000 0.233333 0.266667 0.300000 0.333333 0.366667 0.400000 0.433333 0.466667 0.500000
0.533333 0.566667 0.600000 0.633333 0.666667 0.700000 0.733333 0.766667 0.800000 0.833333 0.866667 0.900000 0.933333 0.966667 1.000000 1.033333
1.066667 1.100000 1.133333 1.166667 1.200000 1.233333 1.266667 1.300000 1.333333 1.366667 1.400000 1.433333 1.466667 1.500000 1.533333 1.566667
1.600000 1.633333 1.666667 1.700000 1.733333 1.766667 1.800000 1.833333 1.866667 1.900000 1.933333 1.966667 2.000000 2.033333 2.066667 2.100000
2.133333 2.166667 2.200000 2.233333 2.266667 2.300000 2.333333 2.366667 2.400000 2.433333 2.466667 2.500000 2.533333 2.566667 2.600000 2.633333
2.666667 2.700000 2.733333 2.766667 2.800000 2.833333 2.866667 2.900000 2.933333 2.966667 3.000000 3.033333 3.066667 3.100000 3.133333 3.166667
3.200000 3.233333 3.266667 3.300000 3.333333</float_array>
        <technique_common>
          <accessor source="#mixamorig_Hips-Matrix-animation-input-array" count="101">
            <param name="TIME" type="float"/>
          </accessor>
        </technique_common>
      </source>
      <source id="mixamorig_Hips-Matrix-animation-output-transform">
        <float_array id="mixamorig_Hips-Matrix-animation-output-transform-array" count="1616">

0.992852 -0.050019 0.108369 -0.188864 0.047468 0.998534 0.026001 65.572495 -0.109511 -0.020671 0.993771 -0.575879 0.000000 0.000000 0.000000 1.000000
0.992833 -0.049807 0.108636 -0.102377 0.047253 0.998546 0.025955 65.520477 -0.109770 -0.020636 0.993743 -0.756124 0.000000 0.000000 0.000000 1.000000
0.992767 -0.049815 0.109232 -0.044177 0.047207 0.998538 0.026327 65.473457 -0.110384 -0.020980 0.993668 -0.966012 0.000000 0.000000 0.000000 1.000000
0.992972 -0.049915 0.107306 0.012884 0.047341 0.998530 0.026408 65.429131 -0.108467 -0.021143 0.993875 -1.206347 0.000000 0.000000 0.000000 1.000000
0.993653 -0.050187 0.100669 0.095103 0.047835 0.998526 0.025638 65.384995 -0.101808 -0.020660 0.994590 -1.479030 0.000000 0.000000 0.000000 1.000000
0.994506 -0.051749 0.090997 0.224301 0.049727 0.998466 0.024354 65.337791 -0.092118 -0.019695 0.995553 -1.787457 0.000000 0.000000 0.000000 1.000000
0.995401 -0.055984 0.077731 0.423240 0.054341 0.998255 0.023093 65.284828 -0.078888 -0.018763 0.996707 -2.133142 0.000000 0.000000 0.000000 1.000000
0.996272 -0.064818 0.056925 0.710708 0.063600 0.997711 0.022954 65.203217 -0.058283 -0.019248 0.998115 -2.555279 0.000000 0.000000 0.000000 1.000000
0.996710 -0.077703 0.023059 1.024668 0.077104 0.996689 0.025822 65.039253 -0.024989 -0.023959 0.999401 -3.119956 0.000000 0.000000 0.000000 1.000000
0.995324 -0.093510 -0.024202 1.309531 0.094279 0.995004 0.032849 64.787949 0.021009 -0.034978 0.999167 -3.806598 0.000000 0.000000 0.000000 1.000000
0.990440 -0.110997 -0.081908 1.513977 0.115110 0.992225 0.047318 64.444168 0.076019 -0.056294 0.995516 -4.592946 0.000000 0.000000 0.000000 1.000000
0.983517 -0.127332 -0.128377 1.578599 0.137377 0.987850 0.072661 64.002922 0.117565 -0.089099 0.989060 -5.455975 0.000000 0.000000 0.000000 1.000000
0.980095 -0.140684 -0.140078 1.435774 0.156908 0.981195 0.112409 63.460110 0.121630 -0.132151 0.983739 -6.370714 0.000000 0.000000 0.000000 1.000000
0.981502 -0.151099 -0.117569 1.079420 0.168852 0.972633 0.159606 62.885620 0.090235 -0.176505 0.980155 -7.258615 0.000000 0.000000 0.000000 1.000000
0.983912 -0.160700 -0.078062 0.770932 0.173453 0.963927 0.201887 62.500935 0.042803 -0.212179 0.976293 -8.065361 0.000000 0.000000 0.000000 1.000000
0.984665 -0.171697 -0.030900 0.509337 0.174135 0.956601 0.233649 62.116261 -0.010558 -0.235447 0.971830 -9.022368 0.000000 0.000000 0.000000 1.000000
0.982811 -0.182527 0.027704 0.234571 0.169716 0.952317 0.253553 61.442364 -0.072664 -0.244493 0.966925 -10.444540 0.000000 0.000000 0.000000 1.000000
0.975289 -0.180829 0.126931 -0.053875 0.139931 0.950190 0.278492 60.164009 -0.170968 -0.253849 0.952014 -12.567281 0.000000 0.000000 0.000000 1.000000
0.953398 -0.162418 0.254268 -0.425784 0.074464 0.943339 0.323367 58.538422 -0.292382 -0.289364 0.911472 -15.084051 0.000000 0.000000 0.000000 1.000000
0.923170 -0.146542 0.355364 -0.959792 0.001007 0.925400 0.378991 56.803574 -0.384392 -0.349515 0.854449 -17.642107 0.000000 0.000000 0.000000 1.000000
0.895576 -0.151554 0.418300 -1.885154 -0.049398 0.900508 0.432023 55.335602 -0.442158 -0.407573 0.798987 -20.323126 0.000000 0.000000 0.000000 1.000000
0.859391 -0.169938 0.482253 -3.323279 -0.082451 0.884755 0.458704 55.046120 -0.504627 -0.433969 0.746339 -23.487434 0.000000 0.000000 0.000000 1.000000
0.818721 -0.177234 0.546154 -4.771990 -0.118760 0.878335 0.463060 56.164124 -0.561776 -0.443978 0.698063 -26.513748 0.000000 0.000000 0.000000 1.000000
0.790192 -0.156443 0.592556 -5.689598 -0.160525 0.880282 0.446470 58.183456 -0.591463 -0.447917 0.670478 -29.372561 0.000000 0.000000 0.000000 1.000000
0.783515 -0.121755 0.609328 -6.192623 -0.187185 0.888814 0.418297 60.212471 -0.592508 -0.441799 0.673608 -32.447441 0.000000 0.000000 0.000000 1.000000
0.805036 -0.089863 0.586380 -6.404100 -0.192089 0.895719 0.400986 61.618752 -0.561266 -0.435445 0.703824 -36.087021 0.000000 0.000000 0.000000 1.000000
0.848442 -0.073618 0.524144 -6.371759 -0.173910 0.896523 0.407432 61.688927 -0.499902 -0.436836 0.747845 -40.383369 0.000000 0.000000 0.000000 1.000000
0.886181 -0.053020 0.460295 -6.121102 -0.159006 0.898303 0.409596 60.807632 -0.435201 -0.436166 0.787629 -44.728558 0.000000 0.000000 0.000000 1.000000
0.903047 -0.017790 0.429173 -5.657307 -0.163683 0.909503 0.382114 59.069916 -0.397132 -0.415316 0.818412 -48.843533 0.000000 0.000000 0.000000 1.000000
0.905255 0.033159 0.423573 -5.001208 -0.188024 0.925276 0.329409 56.339710 -0.380999 -0.377841 0.843846 -52.972698 0.000000 0.000000 0.000000 1.000000
0.903927 0.090594 0.417982 -4.488992 -0.221715 0.934991 0.276829 52.982059 -0.365730 -0.342906 0.865250 -57.883240 0.000000 0.000000 0.000000 1.000000
0.881245 0.139130 0.451719 -4.378139 -0.267593 0.934645 0.234165 49.271080 -0.389618 -0.327234 0.860881 -62.946938 0.000000 0.000000 0.000000 1.000000
0.827437 0.192257 0.527623 -4.778376 -0.335356 0.922802 0.189664 45.482826 -0.450427 -0.333876 0.828035 -67.648376 0.000000 0.000000 0.000000 1.000000
0.764951 0.246170 0.595190 -5.104949 -0.404046 0.903046 0.145789 41.959007 -0.501595 -0.352006 0.790250 -72.385330 0.000000 0.000000 0.000000 1.000000
0.735831 0.291314 0.611301 -5.140215 -0.448730 0.885843 0.117997 38.702259 -0.507142 -0.361135 0.782552 -77.163895 0.000000 0.000000 0.000000 1.000000
0.754495 0.325418 0.569948 -4.820564 -0.458301 0.882853 0.102623 35.554188 -0.469785 -0.338636 0.815247 -81.773682 0.000000 0.000000 0.000000 1.000000
0.793723 0.335111 0.507645 -4.312850 -0.442679 0.890601 0.104234 31.875227 -0.417180 -0.307457 0.855238 -86.359474 0.000000 0.000000 0.000000 1.000000
0.824558 0.307782 0.474737 -3.634308 -0.425677 0.890219 0.162200 27.665464 -0.372697 -0.335828 0.865053 -91.524208 0.000000 0.000000 0.000000 1.000000
0.836043 0.246645 0.490100 -2.863122 -0.428340 0.851619 0.302109 23.200480 -0.342865 -0.462506 0.817638 -97.440765 0.000000 0.000000 0.000000 1.000000
0.833384 0.184457 0.521006 -2.392359 -0.451836 0.770268 0.450036 19.104197 -0.318302 -0.610462 0.725273 -102.791801 0.000000 0.000000 0.000000 1.000000
0.839939 0.190187 0.508263 -1.744624 -0.472373 0.717274 0.512232 15.597418 -0.267144 -0.670333 0.692306 -107.325508 0.000000 0.000000 0.000000 1.000000
0.856210 0.232991 0.461107 -0.942888 -0.469927 0.722058 0.507741 12.675012 -0.214646 -0.651420 0.727722 -110.886917 0.000000 0.000000 0.000000 1.000000
0.862947 0.213507 0.457971 -0.855889 -0.451727 0.732099 0.509876 10.841085 -0.226417 -0.646874 0.728209 -112.456696 0.000000 0.000000 0.000000 1.000000
0.893083 0.154359 0.422583 -0.288752 -0.403867 0.688939 0.601876 8.958137 -0.198229 -0.708192 0.677620 -115.056343 0.000000 0.000000 0.000000 1.000000
0.941057 0.121448 0.315692 0.655406 -0.323909 0.592421 0.737645 7.134348 -0.097437 -0.796422 0.596840 -118.548798 0.000000 0.000000 0.000000 1.000000
0.960609 0.086882 0.263972 0.982023 -0.272036 0.488119 0.829299 6.473008 -0.056799 -0.868442 0.492526 -120.191360 0.000000 0.000000 0.000000 1.000000
0.970104 0.083002 0.228053 0.991636 -0.242194 0.391080 0.887918 6.027333 -0.015488 -0.916606 0.399491 -121.645142 0.000000 0.000000 0.000000 1.000000
0.975390 0.102623 0.195149 0.946910 -0.217179 0.294411 0.930675 5.323570 0.038055 -0.950153 0.309453 -123.829086 0.000000 0.000000 0.000000 1.000000
0.979022 0.122780 0.162606 1.119293 -0.183774 0.187449 0.964930 4.862534 0.087994 -0.974571 0.206081 -126.178253 0.000000 0.000000 0.000000 1.000000
0.983060 0.124949 0.134091 1.371681 -0.143609 0.070530 0.987118 4.723253 0.113882 -0.989653 0.087279 -128.345673 0.000000 0.000000 0.000000 1.000000
0.988389 0.103607 0.111138 1.550526 -0.106218 -0.051875 0.992989 4.849279 0.108646 -0.993265 -0.040268 -130.189194 0.000000 0.000000 0.000000 1.000000
0.994558 0.071539 0.075741 1.621731 -0.063081 -0.165100 0.984257 5.293736 0.082918 -0.983679 -0.159689 -131.404495 0.000000 0.000000 0.000000 1.000000
0.998698 0.047053 0.019703 1.631706 -0.007042 -0.255377 0.966816 5.972567 0.050523 -0.965696 -0.254713 -132.262344 0.000000 0.000000 0.000000 1.000000
0.998472 0.033269 -0.044131 1.528643 0.052398 -0.315982 0.947317 6.680295 0.017571 -0.948182 -0.317243 -132.944550 0.000000 0.000000 0.000000 1.000000
0.995939 0.028402 -0.085434 1.238070 0.089952 -0.353688 0.931028 7.005816 -0.003774 -0.934932 -0.354806 -133.600204 0.000000 0.000000 0.000000 1.000000
0.995118 0.032854 -0.093063 0.845023 0.098546 -0.382163 0.918825 6.910281 -0.005378 -0.923511 -0.383535 -134.249695 0.000000 0.000000 0.000000 1.000000
0.995268 0.048907 -0.083960 0.353591 0.096606 -0.405431 0.909006 6.714770 0.010417 -0.912816 -0.408238 -134.799026 0.000000 0.000000 0.000000 1.000000
0.993180 0.073005 -0.090906 -0.241652 0.113250 -0.418732 0.901021 6.842975 0.027714 -0.905171 -0.424144 -135.127686 0.000000 0.000000 0.000000 1.000000
0.989238 0.096579 -0.109909 -0.867477 0.140692 -0.421691 0.895758 7.317959 0.040164 -0.901582 -0.430740 -135.232834 0.000000 0.000000 0.000000 1.000000
0.985361 0.114127 -0.126641 -1.400086 0.163200 -0.416744 0.894254 7.824191 0.049281 -0.901831 -0.429269 -135.153305 0.000000 0.000000 0.000000 1.000000
0.984146 0.119908 -0.130684 -1.711241 0.168707 -0.405562 0.898364 8.074432 0.054721 -0.906169 -0.419362 -134.921097 0.000000 0.000000 0.000000 1.000000
0.981839 0.112122 -0.153041 -1.826461 0.184239 -0.371037 0.910158 7.945895 0.045265 -0.921824 -0.384956 -134.653107 0.000000 0.000000 0.000000 1.000000
0.981990 0.089833 -0.166212 -1.792562 0.186871 -0.332150 0.924530 7.708149 0.027846 -0.938939 -0.342955 -134.299805 0.000000 0.000000 0.000000 1.000000
0.986066 0.050123 -0.158623 -1.626803 0.166343 -0.286008 0.943679 7.372649 0.001932 -0.956916 -0.290360 -133.849625 0.000000 0.000000 0.000000 1.000000
0.992832 -0.003268 -0.119472 -1.344838 0.115488 -0.231108 0.966049 6.957705 -0.030768 -0.972923 -0.229074 -133.398819 0.000000 0.000000 0.000000 1.000000
0.996310 -0.060481 -0.060902 -0.970648 0.049774 -0.170944 0.984023 6.572310 -0.069926 -0.983423 -0.167303 -132.995605 0.000000 0.000000 0.000000 1.000000
0.993210 -0.116319 0.001937 -0.514925 -0.014957 -0.111169 0.993689 6.342583 -0.115369 -0.986971 -0.112154 -132.674728 0.000000 0.000000 0.000000 1.000000
0.985392 -0.160538 0.056843 -0.044617 -0.065416 -0.048632 0.996672 6.364791 -0.157239 -0.985831 -0.058423 -132.437195 0.000000 0.000000 0.000000 1.000000
0.976124 -0.190117 0.105060 0.386673 -0.103773 0.016739 0.994460 6.538536 -0.190822 -0.981619 -0.003389 -132.229034 0.000000 0.000000 0.000000 1.000000
0.968119 -0.203554 0.145985 0.732413 -0.131971 0.080875 0.987949 6.768097 -0.212907 -0.975718 0.051434 -131.987823 0.000000 0.000000 0.000000 1.000000
0.963642 -0.203775 0.172827 0.896255 -0.148494 0.129302 0.980424 6.994867 -0.222133 -0.970442 0.094341 -131.719604 0.000000 0.000000 0.000000 1.000000
0.962554 -0.197544 0.185652 0.918992 -0.153642 0.166695 0.973964 7.237092 -0.223348 -0.966017 0.130102 -131.450958 0.000000 0.000000 0.000000 1.000000
0.964719 -0.188037 0.184280 0.842752 -0.145823 0.201151 0.968645 7.502711 -0.219209 -0.961343 0.166634 -131.185913 0.000000 0.000000 0.000000 1.000000
0.969069 -0.175796 0.173207 0.716304 -0.127668 0.243530 0.961454 7.800014 -0.211201 -0.953829 0.213554 -130.939438 0.000000 0.000000 0.000000 1.000000
0.972926 -0.165186 0.161640 0.578297 -0.108943 0.289025 0.951102 8.088667 -0.203827 -0.942962 0.263205 -130.705948 0.000000 0.000000 0.000000 1.000000
0.974662 -0.160009 0.156307 0.470022 -0.096181 0.331100 0.938681 8.327460 -0.201951 -0.929930 0.307321 -130.487244 0.000000 0.000000 0.000000 1.000000
0.972103 -0.167076 0.164626 0.383902 -0.095072 0.360960 0.927723 8.490894 -0.214423 -0.917493 0.335006 -130.328751 0.000000 0.000000 0.000000 1.000000
0.967339 -0.180008 0.178473 0.304260 -0.098156 0.383147 0.918457 8.607928 -0.233712 -0.905978 0.352964 -130.195770 0.000000 0.000000 0.000000 1.000000
0.962350 -0.192663 0.191737 0.248586 -0.101370 0.400118 0.910840 8.694519 -0.252202 -0.895984 0.365523 -130.084167 0.000000 0.000000 0.000000 1.000000
0.960134 -0.198193 0.197134 0.242394 -0.101034 0.411502 0.905791 8.750572 -0.260643 -0.889598 0.375073 -130.003998 0.000000 0.000000 0.000000 1.000000
0.960073 -0.197758 0.197869 0.268779 -0.100237 0.417163 0.903287 8.776795 -0.261176 -0.887055 0.380684 -129.970078 0.000000 0.000000 0.000000 1.000000
0.960797 -0.193378 0.198680 0.307963 -0.102415 0.418376 0.902481 8.776558 -0.257643 -0.887449 0.382170 -129.967163 0.000000 0.000000 0.000000 1.000000
0.961137 -0.186215 0.203813 0.347507 -0.110757 0.416151 0.902525 8.751415 -0.252880 -0.890024 0.379353 -129.972641 0.000000 0.000000 0.000000 1.000000
0.961194 -0.178356 0.210466 0.393832 -0.121205 0.412312 0.902944 8.707647 -0.247823 -0.893414 0.374695 -129.984360 0.000000 0.000000 0.000000 1.000000
0.961115 -0.172216 0.215869 0.447013 -0.130224 0.406683 0.904241 8.651016 -0.243515 -0.897190 0.368442 -130.002747 0.000000 0.000000 0.000000 1.000000
0.961137 -0.169916 0.217589 0.507490 -0.134809 0.398939 0.907014 8.587463 -0.240921 -0.901097 0.360529 -130.028061 0.000000 0.000000 0.000000 1.000000
0.961197 -0.170074 0.217200 0.575999 -0.136819 0.389781 0.910687 8.522461 -0.239545 -0.905067 0.351387 -130.057755 0.000000 0.000000 0.000000 1.000000
0.961402 -0.170272 0.216136 0.654235 -0.138303 0.380028 0.914577 8.460565 -0.237864 -0.909168 0.341811 -130.091827 0.000000 0.000000 0.000000 1.000000
0.961844 -0.168512 0.215545 0.736309 -0.140780 0.370695 0.918023 8.408234 -0.234600 -0.913339 0.332827 -130.128647 0.000000 0.000000 0.000000 1.000000
0.962210 -0.165803 0.216011 0.801109 -0.144063 0.363206 0.920504 8.374018 -0.231078 -0.916838 0.325594 -130.158798 0.000000 0.000000 0.000000 1.000000
0.962469 -0.162891 0.217070 0.850643 -0.147484 0.357495 0.922196 8.357062 -0.227819 -0.919600 0.320054 -130.182175 0.000000 0.000000 0.000000 1.000000
0.962668 -0.160028 0.218314 0.886625 -0.150635 0.353385 0.923270 8.355623 -0.224898 -0.921689 0.316087 -130.199936 0.000000 0.000000 0.000000 1.000000
0.962861 -0.157458 0.219328 0.911070 -0.153098 0.350709 0.923885 8.367105 -0.222394 -0.923152 0.313578 -130.212143 0.000000 0.000000 0.000000 1.000000
0.963096 -0.155466 0.219720 0.925420 -0.154459 0.349302 0.924192 8.388330 -0.220429 -0.924023 0.312398 -130.219223 0.000000 0.000000 0.000000 1.000000
0.963411 -0.154310 0.219150 0.930900 -0.154365 0.348976 0.924331 8.416315 -0.219112 -0.924340 0.312387 -130.221878 0.000000 0.000000 0.000000 1.000000
0.963714 -0.153743 0.218215 0.928049 -0.153687 0.348825 0.924501 8.446371 -0.218254 -0.924491 0.312539 -130.222168 0.000000 0.000000 0.000000 1.000000
0.963968 -0.153559 0.217220 0.917956 -0.152873 0.348483 0.924765 8.475104 -0.217703 -0.924651 0.312452 -130.221420 0.000000 0.000000 0.000000 1.000000
0.964178 -0.153682 0.216202 0.901939 -0.151979 0.347962 0.925108 8.500034 -0.217403 -0.924826 0.312141 -130.220306 0.000000 0.000000 0.000000 1.000000
0.964346 -0.154039 0.215196 0.881340 -0.151059 0.347275 0.925517 8.518673 -0.217298 -0.925025 0.311625 -130.219437 0.000000 0.000000 0.000000 1.000000
0.964477 -0.154555 0.214235 0.857495 -0.150169 0.346433 0.925977 8.528494 -0.217332 -0.925255 0.310917 -130.219528 0.000000 0.000000 0.000000 1.000000
0.964575 -0.155156 0.213356 0.831765 -0.149362 0.345448 0.926476 8.526985 -0.217452 -0.925523 0.310036 -130.221176 0.000000 0.000000 0.000000 1.000000</float_array>
        <technique_common>
          <accessor source="#mixamorig_Hips-Matrix-animation-output-transform-array" count="101" stride="16">
            <param type="float4x4"/>
          </accessor>
        </technique_common>
      </source>
      <source id="mixamorig_Hips-Interpolations">
        <Name_array id="mixamorig_Hips-Interpolations-array" count="101">
 LINEAR LINEAR LINEAR LINEAR LINEAR LINEAR LINEAR LINEAR LINEAR LINEAR LINEAR
LINEAR LINEAR LINEAR LINEAR LINEAR LINEAR LINEAR LINEAR LINEAR LINEAR LINEAR LINEAR
LINEAR LINEAR LINEAR LINEAR LINEAR LINEAR LINEAR LINEAR LINEAR LINEAR LINEAR LINEAR
LINEAR LINEAR LINEAR LINEAR LINEAR LINEAR LINEAR LINEAR LINEAR LINEAR LINEAR LINEAR
LINEAR LINEAR LINEAR LINEAR LINEAR LINEAR LINEAR LINEAR LINEAR LINEAR LINEAR LINEAR
LINEAR LINEAR LINEAR LINEAR LINEAR LINEAR LINEAR LINEAR LINEAR LINEAR LINEAR LINEAR
LINEAR LINEAR LINEAR LINEAR LINEAR LINEAR LINEAR LINEAR LINEAR LINEAR LINEAR LINEAR
LINEAR LINEAR LINEAR LINEAR LINEAR LINEAR LINEAR LINEAR LINEAR LINEAR LINEAR LINEAR
LINEAR LINEAR LINEAR LINEAR LINEAR LINEAR</Name_array>
        <technique_common>
          <accessor source="#mixamorig_Hips-Interpolations-array" count="101">
            <param type="name"/>
          </accessor>
        </technique_common>
      </source>
      <sampler id="mixamorig_Hips-Matrix-animation-transform">
        <input semantic="INPUT" source="#mixamorig_Hips-Matrix-animation-input"/>
        <input semantic="OUTPUT" source="#mixamorig_Hips-Matrix-animation-output-transform"/>
        <input semantic="INTERPOLATION" source="#mixamorig_Hips-Interpolations"/>
      </sampler>
      <channel source="#mixamorig_Hips-Matrix-animation-transform" target="mixamorig_Hips/matrix"/>
    </animation>
    <animation id="mixamorig_Spine-anim" name="mixamorig_Spine">
      <source id="mixamorig_Spine-Matrix-animation-input">
        <float_array id="mixamorig_Spine-Matrix-animation-input-array" count="101">

0.000000 0.033333 0.066667 0.100000 0.133333 0.166667 0.200000 0.233333 0.266667 0.300000 0.333333 0.366667 0.400000 0.433333 0.466667 0.500000
0.533333 0.566667 0.600000 0.633333 0.666667 0.700000 0.733333 0.766667 0.800000 0.833333 0.866667 0.900000 0.933333 0.966667 1.000000 1.033333
1.066667 1.100000 1.133333 1.166667 1.200000 1.233333 1.266667 1.300000 1.333333 1.366667 1.400000 1.433333 1.466667 1.500000 1.533333 1.566667
1.600000 1.633333 1.666667 1.700000 1.733333 1.766667 1.800000 1.833333 1.866667 1.900000 1.933333 1.966667 2.000000 2.033333 2.066667 2.100000
2.133333 2.166667 2.200000 2.233333 2.266667 2.300000 2.333333 2.366667 2.400000 2.433333 2.466667 2.500000 2.533333 2.566667 2.600000 2.633333
2.666667 2.700000 2.733333 2.766667 2.800000 2.833333 2.866667 2.900000 2.933333 2.966667 3.000000 3.033333 3.066667 3.100000 3.133333 3.166667
3.200000 3.233333 3.266667 3.300000 3.333333</float_array>
        <technique_common>
          <accessor source="#mixamorig_Spine-Matrix-animation-input-array" count="101">
            <param name="TIME" type="float"/>
          </accessor>
        </technique_common>
      </source>
      <source id="mixamorig_Spine-Matrix-animation-output-transform">
        <float_array id="mixamorig_Spine-Matrix-animation-output-transform-array" count="1616">

0.999978 0.006654 0.000186 -0.000000 -0.006633 0.998439 -0.055464 3.962400 -0.000555 0.055462 0.998461 -0.274300 0.000000 0.000000 0.000000 1.000000
0.999979 0.006550 0.000303 0.000000 -0.006523 0.998418 -0.055845 3.962400 -0.000668 0.055842 0.998439 -0.274300 0.000000 0.000000 0.000000 1.000000
0.999978 0.006578 0.000854 -0.000000 -0.006519 0.998404 -0.056100 3.962400 -0.001222 0.056094 0.998425 -0.274300 0.000000 0.000000 0.000000 1.000000
0.999976 0.006705 0.001598 -0.000000 -0.006605 0.998402 -0.056123 3.962400 -0.001972 0.056111 0.998423 -0.274300 0.000000 0.000000 0.000000 1.000000
0.999973 0.006910 0.002293 0.000000 -0.006771 0.998419 -0.055804 3.962400 -0.002675 0.055787 0.998439 -0.274300 0.000000 0.000000 0.000000 1.000000
0.999971 0.007158 0.002700 0.000000 -0.006999 0.998460 -0.055038 3.962400 -0.003090 0.055017 0.998481 -0.274300 0.000000 0.000000 0.000000 1.000000
0.999969 0.007406 0.002578 0.000000 -0.007257 0.998530 -0.053714 3.962400 -0.002972 0.053694 0.998553 -0.274300 0.000000 0.000000 0.000000 1.000000
0.999969 0.007787 0.001506 0.000000 -0.007697 0.998599 -0.052352 3.962400 -0.001911 0.052339 0.998628 -0.274300 0.000000 0.000000 0.000000 1.000000
0.999964 0.008487 -0.000859 0.000000 -0.008520 0.998576 -0.052657 3.962400 0.000411 0.052662 0.998612 -0.274300 0.000000 0.000000 0.000000 1.000000
0.999946 0.009010 -0.005253 0.000000 -0.009283 0.998468 -0.054542 3.962400 0.004754 0.054588 0.998498 -0.274300 0.000000 0.000000 0.000000 1.000000
0.999883 0.008884 -0.012490 0.000000 -0.009592 0.998281 -0.057811 3.962400 0.011955 0.057924 0.998249 -0.274300 0.000000 0.000000 0.000000 1.000000
0.999696 0.007667 -0.023423 0.000000 -0.009113 0.998017 -0.062285 3.962400 0.022899 0.062480 0.997784 -0.274300 0.000000 0.000000 0.000000 1.000000
0.999230 0.005022 -0.038904 0.000000 -0.007654 0.997669 -0.067814 3.962400 0.038473 0.068060 0.996939 -0.274300 0.000000 0.000000 0.000000 1.000000
0.998366 0.000267 -0.057136 -0.000000 -0.004475 0.997283 -0.073526 3.962400 0.056961 0.073662 0.995655 -0.274300 0.000000 0.000000 0.000000 1.000000
0.997898 -0.005645 -0.064554 0.000000 0.000696 0.997075 -0.076429 3.962400 0.064796 0.076223 0.994983 -0.274300 0.000000 0.000000 0.000000 1.000000
0.998579 -0.009469 -0.052443 0.000000 0.005461 0.997089 -0.076048 3.962400 0.053011 0.075654 0.995724 -0.274300 0.000000 0.000000 0.000000 1.000000
0.999513 -0.012249 -0.028687 0.000000 0.009990 0.996932 -0.077629 3.962400 0.029550 0.077305 0.996569 -0.274300 0.000000 0.000000 0.000000 1.000000
0.999759 -0.021725 -0.003038 0.000000 0.021384 0.996073 -0.085919 3.962400 0.004892 0.085833 0.996298 -0.274300 0.000000 0.000000 0.000000 1.000000
0.999117 -0.035413 0.022613 0.000000 0.037456 0.994536 -0.097441 3.962400 -0.019039 0.098202 0.994984 -0.274300 0.000000 0.000000 0.000000 1.000000
0.997421 -0.051446 0.050050 0.000000 0.056631 0.992494 -0.108393 3.962400 -0.044098 0.110948 0.992847 -0.274300 0.000000 0.000000 0.000000 1.000000
0.995167 -0.058910 0.078566 0.000000 0.067934 0.990733 -0.117617 3.962400 -0.070909 0.122386 0.989946 -0.274300 0.000000 0.000000 0.000000 1.000000
0.993911 -0.054164 0.095956 0.000000 0.066315 0.989510 -0.128344 3.962400 -0.087998 0.133926 0.987077 -0.274300 0.000000 0.000000 0.000000 1.000000
0.994430 -0.040400 0.097351 0.000000 0.052929 0.990131 -0.129764 3.962400 -0.091148 0.134194 0.986754 -0.274300 0.000000 0.000000 0.000000 1.000000
0.996254 -0.013970 0.085339 0.000000 0.024271 0.992370 -0.120885 3.962400 -0.082999 0.122503 0.988991 -0.274300 0.000000 0.000000 0.000000 1.000000
0.997588 0.017913 0.067058 0.000000 -0.010350 0.993714 -0.111466 3.962400 -0.068633 0.110503 0.991503 -0.274300 0.000000 0.000000 0.000000 1.000000
0.997834 0.047739 0.045265 0.000000 -0.042616 0.993230 -0.108064 3.962400 -0.050117 0.105901 0.993113 -0.274300 0.000000 0.000000 0.000000 1.000000
0.997500 0.067468 0.021014 0.000000 -0.064646 0.991350 -0.114217 3.962400 -0.028538 0.112573 0.993234 -0.274300 0.000000 0.000000 0.000000 1.000000
0.996830 0.079560 -0.000902 0.000000 -0.079072 0.989330 -0.122368 3.962400 -0.008843 0.122052 0.992484 -0.274300 0.000000 0.000000 0.000000 1.000000
0.996342 0.084201 -0.014574 0.000000 -0.085392 0.987504 -0.132451 3.962400 0.003240 0.133211 0.991082 -0.274300 0.000000 0.000000 0.000000 1.000000
0.996665 0.080445 -0.013693 0.000000 -0.081588 0.985399 -0.149439 3.962400 0.001471 0.150058 0.988676 -0.274300 0.000000 0.000000 0.000000 1.000000
0.997419 0.071391 -0.007667 -0.000000 -0.071633 0.982089 -0.174269 3.962400 -0.004911 0.174368 0.984668 -0.274300 0.000000 0.000000 0.000000 1.000000
0.998186 0.060137 -0.002816 0.000000 -0.059484 0.977989 -0.199997 3.962400 -0.009273 0.199802 0.979792 -0.274300 0.000000 0.000000 0.000000 1.000000
0.998858 0.047750 -0.001302 0.000000 -0.046835 0.973615 -0.223339 3.962400 -0.009397 0.223145 0.974740 -0.274300 0.000000 0.000000 0.000000 1.000000
0.999322 0.035829 0.008515 -0.000000 -0.032612 0.968389 -0.247304 3.962400 -0.017107 0.246859 0.968900 -0.274300 0.000000 0.000000 0.000000 1.000000
0.999130 0.033721 0.024536 -0.000000 -0.026046 0.964077 -0.264345 3.962400 -0.032569 0.263476 0.964116 -0.274300 0.000000 0.000000 0.000000 1.000000
0.997939 0.051400 0.038408 0.000000 -0.039421 0.963428 -0.265050 3.962400 -0.050627 0.262990 0.963469 -0.274300 0.000000 0.000000 0.000000 1.000000
0.996089 0.076850 0.043588 0.000000 -0.063197 0.964517 -0.256346 3.962400 -0.061742 0.252589 0.965602 -0.274300 0.000000 0.000000 0.000000 1.000000
0.994916 0.089396 0.046367 0.000000 -0.074090 0.961612 -0.264220 3.962400 -0.068207 0.259441 0.963347 -0.274300 0.000000 0.000000 0.000000 1.000000
0.995176 0.084074 0.050560 0.000000 -0.064786 0.950195 -0.304848 3.962400 -0.073672 0.300102 0.951058 -0.274300 0.000000 0.000000 0.000000 1.000000
0.996714 0.065839 0.047177 0.000000 -0.045257 0.935751 -0.349745 3.962400 -0.067173 0.346461 0.935656 -0.274300 0.000000 0.000000 0.000000 1.000000
0.998531 0.039418 0.037178 0.000000 -0.024040 0.937191 -0.347987 3.962400 -0.048560 0.346582 0.936762 -0.274300 0.000000 0.000000 0.000000 1.000000
0.999723 0.016445 0.016860 -0.000000 -0.010521 0.952285 -0.305029 3.962400 -0.021072 0.304767 0.952194 -0.274300 0.000000 0.000000 0.000000 1.000000
0.999255 0.008509 -0.037646 -0.000000 -0.017563 0.968802 -0.247214 3.962400 0.034368 0.247691 0.968229 -0.274300 0.000000 0.000000 0.000000 1.000000
0.996356 0.006387 -0.085052 0.000000 -0.024314 0.977083 -0.211464 3.962400 0.081753 0.212761 0.973678 -0.274300 0.000000 0.000000 0.000000 1.000000
0.995210 0.001939 -0.097745 -0.000000 -0.021612 0.979430 -0.200623 3.962400 0.095346 0.201775 0.974780 -0.274300 0.000000 0.000000 0.000000 1.000000
0.995146 0.007031 -0.098154 -0.000000 -0.024420 0.983888 -0.177113 3.962400 0.095327 0.178650 0.979284 -0.274300 0.000000 0.000000 0.000000 1.000000
0.996857 0.011749 -0.078352 -0.000000 -0.024359 0.986492 -0.161989 3.962400 0.075391 0.163389 0.983677 -0.274300 0.000000 0.000000 0.000000 1.000000
0.998457 0.012412 -0.054126 -0.000000 -0.020962 0.986831 -0.160391 3.962400 0.051422 0.161278 0.985568 -0.274300 0.000000 0.000000 0.000000 1.000000
0.999116 0.012515 -0.040129 0.000000 -0.019191 0.985160 -0.170562 3.962400 0.037399 0.171181 0.984529 -0.274300 0.000000 0.000000 0.000000 1.000000
0.999300 0.015938 -0.033848 -0.000000 -0.021902 0.982698 -0.183917 3.962400 0.030332 0.184530 0.982359 -0.274300 0.000000 0.000000 0.000000 1.000000
0.999258 0.023911 -0.030198 0.000000 -0.029301 0.980761 -0.193000 3.962400 0.025002 0.193742 0.980734 -0.274300 0.000000 0.000000 0.000000 1.000000
0.999201 0.033979 -0.021040 -0.000000 -0.037316 0.981701 -0.186739 3.962400 0.014310 0.187375 0.982184 -0.274300 0.000000 0.000000 0.000000 1.000000
0.999084 0.042096 -0.007642 0.000000 -0.042783 0.984322 -0.171112 3.962400 0.000319 0.171282 0.985222 -0.274300 0.000000 0.000000 0.000000 1.000000
0.998849 0.047603 0.005956 0.000000 -0.046140 0.987231 -0.152465 3.962400 -0.013138 0.152015 0.988291 -0.274300 0.000000 0.000000 0.000000 1.000000
0.998667 0.050017 0.012758 0.000000 -0.047724 0.988853 -0.141037 3.962400 -0.019670 0.140240 0.989922 -0.274300 0.000000 0.000000 0.000000 1.000000
0.998606 0.051344 0.012250 0.000000 -0.049123 0.988889 -0.140301 3.962400 -0.019317 0.139504 0.990033 -0.274300 0.000000 0.000000 0.000000 1.000000
0.998487 0.054329 0.008532 0.000000 -0.052513 0.987959 -0.145533 3.962400 -0.016336 0.144864 0.989317 -0.274300 0.000000 0.000000 0.000000 1.000000
0.998134 0.060782 0.005903 0.000000 -0.059196 0.986753 -0.151044 3.962400 -0.015006 0.150412 0.988509 -0.274300 0.000000 0.000000 0.000000 1.000000
0.997724 0.067298 0.004274 0.000000 -0.065836 0.985838 -0.154236 3.962400 -0.014593 0.153604 0.988025 -0.274300 0.000000 0.000000 0.000000 1.000000
0.997371 0.072460 0.001046 -0.000000 -0.071383 0.984830 -0.158161 3.962400 -0.012490 0.157670 0.987413 -0.274300 0.000000 0.000000 0.000000 1.000000
0.997147 0.075241 -0.006140 0.000000 -0.075218 0.983348 -0.165435 3.962400 -0.006409 0.165425 0.986201 -0.274300 0.000000 0.000000 0.000000 1.000000
0.997021 0.075429 -0.016086 0.000000 -0.077078 0.981786 -0.173652 3.962400 0.002695 0.174375 0.984676 -0.274300 0.000000 0.000000 0.000000 1.000000
0.997066 0.071772 -0.026628 0.000000 -0.075433 0.980406 -0.181975 3.962400 0.013045 0.183450 0.982943 -0.274300 0.000000 0.000000 0.000000 1.000000
0.997383 0.063218 -0.035082 0.000000 -0.068771 0.979280 -0.190478 3.962400 0.022313 0.192392 0.981064 -0.274300 0.000000 0.000000 0.000000 1.000000
0.997929 0.051955 -0.037924 0.000000 -0.058491 0.978271 -0.198910 3.962400 0.026766 0.200716 0.979284 -0.274300 0.000000 0.000000 0.000000 1.000000
0.998566 0.039706 -0.035905 0.000000 -0.046272 0.977467 -0.205952 3.962400 0.026918 0.207318 0.977903 -0.274300 0.000000 0.000000 0.000000 1.000000
0.999171 0.027468 -0.030033 0.000000 -0.033183 0.977062 -0.210352 3.962400 0.023567 0.211174 0.977164 -0.274300 0.000000 0.000000 0.000000 1.000000
0.999639 0.015845 -0.021708 0.000000 -0.020071 0.977297 -0.210920 3.962400 0.017873 0.211279 0.977262 -0.274300 0.000000 0.000000 0.000000 1.000000
0.999909 0.005250 -0.012411 0.000000 -0.007701 0.978408 -0.206540 3.962400 0.011059 0.206617 0.978359 -0.274300 0.000000 0.000000 0.000000 1.000000
0.999985 -0.003592 -0.004025 -0.000000 0.002729 0.980420 -0.196897 3.962400 0.004654 0.196883 0.980416 -0.274300 0.000000 0.000000 0.000000 1.000000
0.999969 -0.007823 -0.000853 -0.000000 0.007519 0.981852 -0.189502 3.962400 0.002320 0.189489 0.981880 -0.274300 0.000000 0.000000 0.000000 1.000000
0.999970 -0.007463 -0.002210 -0.000000 0.006926 0.982711 -0.185017 3.962400 0.003553 0.184996 0.982733 -0.274300 0.000000 0.000000 0.000000 1.000000
0.999974 -0.002483 -0.006805 0.000000 0.001204 0.983334 -0.181802 3.962400 0.007143 0.181789 0.983312 -0.274300 0.000000 0.000000 0.000000 1.000000
0.999925 0.005985 -0.010658 -0.000000 -0.007798 0.983801 -0.179092 3.962400 0.009414 0.179162 0.983775 -0.274300 0.000000 0.000000 0.000000 1.000000
0.999804 0.014202 -0.013788 0.000000 -0.016416 0.984128 -0.176702 3.962400 0.011060 0.176893 0.984168 -0.274300 0.000000 0.000000 0.000000 1.000000
0.999662 0.019210 -0.017497 0.000000 -0.021969 0.984441 -0.174334 3.962400 0.013876 0.174660 0.984531 -0.274300 0.000000 0.000000 0.000000 1.000000
0.999589 0.017701 -0.022531 0.000000 -0.021309 0.984936 -0.171602 3.962400 0.019154 0.172012 0.984909 -0.274300 0.000000 0.000000 0.000000 1.000000
0.999574 0.013199 -0.026029 0.000000 -0.017392 0.985617 -0.168098 3.962400 0.023436 0.168479 0.985427 -0.274300 0.000000 0.000000 0.000000 1.000000
0.999621 0.007714 -0.026440 0.000000 -0.011939 0.986458 -0.163578 3.962400 0.024820 0.163831 0.986176 -0.274300 0.000000 0.000000 0.000000 1.000000
0.999730 0.003831 -0.022931 0.000000 -0.007402 0.987450 -0.157756 3.962400 0.022038 0.157883 0.987212 -0.274300 0.000000 0.000000 0.000000 1.000000
0.999810 0.002110 -0.019360 -0.000000 -0.005018 0.988462 -0.151389 3.962400 0.018817 0.151457 0.988285 -0.274300 0.000000 0.000000 0.000000 1.000000
0.999854 0.001448 -0.017012 0.000000 -0.003899 0.989431 -0.144952 3.962400 0.016623 0.144997 0.989292 -0.274300 0.000000 0.000000 0.000000 1.000000
0.999865 0.000977 -0.016399 0.000000 -0.003257 0.990208 -0.139565 3.962400 0.016102 0.139600 0.990077 -0.274300 0.000000 0.000000 0.000000 1.000000
0.999863 0.000854 -0.016550 0.000000 -0.003110 0.990604 -0.136728 3.962400 0.016278 0.136761 0.990470 -0.274300 0.000000 0.000000 0.000000 1.000000
0.999851 0.001132 -0.017231 0.000000 -0.003468 0.990680 -0.136164 3.962400 0.016916 0.136204 0.990536 -0.274300 0.000000 0.000000 0.000000 1.000000
0.999832 0.001815 -0.018259 0.000000 -0.004309 0.990486 -0.137543 3.962400 0.017836 0.137598 0.990328 -0.274300 0.000000 0.000000 0.000000 1.000000
0.999808 0.002789 -0.019385 0.000000 -0.005486 0.990060 -0.140537 3.962400 0.018801 0.140616 0.989886 -0.274300 0.000000 0.000000 0.000000 1.000000
0.999786 0.003889 -0.020333 0.000000 -0.006794 0.989434 -0.144823 3.962400 0.019555 0.144930 0.989249 -0.274300 0.000000 0.000000 0.000000 1.000000
0.999771 0.004928 -0.020823 0.000000 -0.007991 0.988704 -0.149669 3.962400 0.019850 0.149801 0.988517 -0.274300 0.000000 0.000000 0.000000 1.000000
0.999758 0.005696 -0.021240 -0.000000 -0.008882 0.988177 -0.153061 3.962400 0.020117 0.153213 0.987988 -0.274300 0.000000 0.000000 0.000000 1.000000
0.999744 0.006203 -0.021739 0.000000 -0.009499 0.987874 -0.154970 3.962400 0.020514 0.155137 0.987680 -0.274300 0.000000 0.000000 0.000000 1.000000
0.999731 0.006470 -0.022295 0.000000 -0.009863 0.987767 -0.155624 3.962400 0.021015 0.155802 0.987565 -0.274300 0.000000 0.000000 0.000000 1.000000
0.999717 0.006525 -0.022879 0.000000 -0.010000 0.987826 -0.155242 3.962400 0.021587 0.155427 0.987611 -0.274300 0.000000 0.000000 0.000000 1.000000
0.999703 0.006432 -0.023492 0.000000 -0.009976 0.988013 -0.154049 3.962400 0.022220 0.154238 0.987784 -0.274300 0.000000 0.000000 0.000000 1.000000
0.999689 0.006252 -0.024135 0.000000 -0.009857 0.988291 -0.152261 3.962400 0.022900 0.152451 0.988046 -0.274300 0.000000 0.000000 0.000000 1.000000
0.999674 0.006019 -0.024795 0.000000 -0.009675 0.988623 -0.150102 3.962400 0.023610 0.150293 0.988359 -0.274300 0.000000 0.000000 0.000000 1.000000
0.999659 0.005760 -0.025457 0.000000 -0.009462 0.988973 -0.147794 3.962400 0.024325 0.147985 0.988690 -0.274300 0.000000 0.000000 0.000000 1.000000
0.999644 0.005507 -0.026106 -0.000000 -0.009251 0.989306 -0.145558 3.962400 0.025025 0.145748 0.989005 -0.274300 0.000000 0.000000 0.000000 1.000000
0.999629 0.005293 -0.026727 0.000000 -0.009080 0.989592 -0.143618 3.962400 0.025689 0.143807 0.989272 -0.274300 0.000000 0.000000 0.000000 1.000000
0.999614 0.005151 -0.027307 0.000000 -0.008984 0.989798 -0.142194 3.962400 0.026296 0.142384 0.989462 -0.274300 0.000000 0.000000 0.000000 1.000000
0.999600 0.005112 -0.027831 0.000000 -0.009002 0.989896 -0.141510 3.962400 0.026826 0.141704 0.989546 -0.274300 0.000000 0.000000 0.000000 1.000000</float_array>
        <technique_common>
          <accessor source="#mixamorig_Spine-Matrix-animation-output-transform-array" count="101" stride="16">
            <param type="float4x4"/>
          </accessor>
        </technique_common>
      </source>
      <source id="mixamorig_Spine-Interpolations">
        <Name_array id="mixamorig_Spine-Interpolations-array" count="101">
 LINEAR LINEAR LINEAR LINEAR LINEAR LINEAR LINEAR LINEAR LINEAR LINEAR LINEAR
LINEAR LINEAR LINEAR LINEAR LINEAR LINEAR LINEAR LINEAR LINEAR LINEAR LINEAR LINEAR
LINEAR LINEAR LINEAR LINEAR LINEAR LINEAR LINEAR LINEAR LINEAR LINEAR LINEAR LINEAR
LINEAR LINEAR LINEAR LINEAR LINEAR LINEAR LINEAR LINEAR LINEAR LINEAR LINEAR LINEAR
LINEAR LINEAR LINEAR LINEAR LINEAR LINEAR LINEAR LINEAR LINEAR LINEAR LINEAR LINEAR
LINEAR LINEAR LINEAR LINEAR LINEAR LINEAR LINEAR LINEAR LINEAR LINEAR LINEAR LINEAR
LINEAR LINEAR LINEAR LINEAR LINEAR LINEAR LINEAR LINEAR LINEAR LINEAR LINEAR LINEAR
LINEAR LINEAR LINEAR LINEAR LINEAR LINEAR LINEAR LINEAR LINEAR LINEAR LINEAR LINEAR
LINEAR LINEAR LINEAR LINEAR LINEAR LINEAR</Name_array>
        <technique_common>
          <accessor source="#mixamorig_Spine-Interpolations-array" count="101">
            <param type="name"/>
          </accessor>
        </technique_common>
      </source>
      <sampler id="mixamorig_Spine-Matrix-animation-transform">
        <input semantic="INPUT" source="#mixamorig_Spine-Matrix-animation-input"/>
        <input semantic="OUTPUT" source="#mixamorig_Spine-Matrix-animation-output-transform"/>
        <input semantic="INTERPOLATION" source="#mixamorig_Spine-Interpolations"/>
      </sampler>
      <channel source="#mixamorig_Spine-Matrix-animation-transform" target="mixamorig_Spine/matrix"/>
    </animation>
    <animation id="mixamorig_Spine1-anim" name="mixamorig_Spine1">
      <source id="mixamorig_Spine1-Matrix-animation-input">
        <float_array id="mixamorig_Spine1-Matrix-animation-input-array" count="101">

0.000000 0.033333 0.066667 0.100000 0.133333 0.166667 0.200000 0.233333 0.266667 0.300000 0.333333 0.366667 0.400000 0.433333 0.466667 0.500000
0.533333 0.566667 0.600000 0.633333 0.666667 0.700000 0.733333 0.766667 0.800000 0.833333 0.866667 0.900000 0.933333 0.966667 1.000000 1.033333
1.066667 1.100000 1.133333 1.166667 1.200000 1.233333 1.266667 1.300000 1.333333 1.366667 1.400000 1.433333 1.466667 1.500000 1.533333 1.566667
1.600000 1.633333 1.666667 1.700000 1.733333 1.766667 1.800000 1.833333 1.866667 1.900000 1.933333 1.966667 2.000000 2.033333 2.066667 2.100000
2.133333 2.166667 2.200000 2.233333 2.266667 2.300000 2.333333 2.366667 2.400000 2.433333 2.466667 2.500000 2.533333 2.566667 2.600000 2.633333
2.666667 2.700000 2.733333 2.766667 2.800000 2.833333 2.866667 2.900000 2.933333 2.966667 3.000000 3.033333 3.066667 3.100000 3.133333 3.166667
3.200000 3.233333 3.266667 3.300000 3.333333</float_array>
        <technique_common>
          <accessor source="#mixamorig_Spine1-Matrix-animation-input-array" count="101">
            <param name="TIME" type="float"/>
          </accessor>
        </technique_common>
      </source>
      <source id="mixamorig_Spine1-Matrix-animation-output-transform">
        <float_array id="mixamorig_Spine1-Matrix-animation-output-transform-array" count="1616">

0.999918 0.012810 0.000700 0.000000 -0.012435 0.981212 -0.192531 14.123300 -0.003154 0.192506 0.981291 0.264400 0.000000 0.000000 0.000000 1.000000
0.999920 0.012612 0.000957 0.000000 -0.012190 0.981068 -0.193280 14.123300 -0.003376 0.193253 0.981143 0.264400 0.000000 0.000000 0.000000 1.000000
0.999917 0.012704 0.002067 0.000000 -0.012062 0.980970 -0.193784 14.123300 -0.004489 0.193744 0.981042 0.264400 0.000000 0.000000 0.000000 1.000000
0.999909 0.012991 0.003552 -0.000000 -0.012056 0.980961 -0.193832 14.123300 -0.006002 0.193772 0.981028 0.264400 0.000000 0.000000 0.000000 1.000000
0.999898 0.013382 0.004932 -0.000000 -0.012177 0.981082 -0.193211 14.123300 -0.007424 0.193131 0.981145 0.264400 0.000000 0.000000 0.000000 1.000000
0.999889 0.013781 0.005731 -0.000000 -0.012427 0.981374 -0.191705 14.123300 -0.008266 0.191613 0.981436 0.264400 0.000000 0.000000 0.000000 1.000000
0.999886 0.014094 0.005472 0.000000 -0.012806 0.981874 -0.189102 14.123300 -0.008038 0.189010 0.981942 0.264400 0.000000 0.000000 0.000000 1.000000
